91
79
3319 24443 23832 28851 3263 32629 12402 10515 26515 4438 2298 5433 24869 3287 30487 23874 13610 25252 32085 15321 11443 3168 28763 11866 7611 24041 4893 28727 2300 31710 17234 17818 18952 7007 18985 22860 3476 28436 9527 12757 535 25969 23476 485 30356 7224 13288 22514 23475 11583 23776 28963 23319 14451 24677 13165 30956 20253 28975 4860 29631 9316 26965 26324 22163 10003 3336 28856 28977 26781 25985 7242 10943 30047 18488 14709 25236 548 24151
90
4846 16494 6819 11286 32500 31336 20183 21589 30183 3006 26761 3432 27257 14314 2711 26305 1568 15135 5823 14397 2583 14135 14012 5812 16807 27885 177 30415 27044 5452 15051 29209 12602 28519 546 25177 14314 22091 22753 18208 11471 29490 24487 10654 29478 24569 15917 29369 28685 19924 32552 26465 25995 1089 25457 16157 32465 19514 28771 2282 29119 7087 15748 21062 22954 5427 17768 17544 12125 12278 15827 11378 605 7155 15134 8201 22386 13930 8924 13988 20578 8849 12733 1860 256 23175 6322 24867 5477 19593
85
11646 22632 10620 20985 4551 16698 22077 7498 9557 26448 32245 9078 14618 24169 4534 19538 9317 13349 28141 12970 18088 31421 2628 9359 22142 27632 24774 32238 8684 14401 20548 4455 9191 22111 32248 4955 4887 26341 31337 15175 19931 67 11662 3921 18317 30460 20022 3617 23303 30227 26792 10994 9830 31679 14470 20457 21518 3686 23031 23205 29934 15817 5636 18199 20485 17533 20035 31892 19236 23962 19379 28968 20726 8887 29928 5934 22591 1557 12136 18717 28769 15642 28756 10149 30500
86
7675 23478 15313 13963 113 4849 28555 12121 31049 8413 30120 16804 14283 23414 24770 14309 5525 19119 6802 4169 9779 18870 4122 18450 25839 19834 28195 30266 29930 29803 490 31066 10092 17280 4631 15563 15481 13439 17390 22795 4517 31097 24777 4962 13097 6547 4038 197 821 19213 22461 20474 27528 11900 32117 32509 19775 20314 4631 32675 8938 3521 17890 3965 2277 21876 21281 18175 8166 17951 5466 9185 32210 12512 8393 4806 8405 3845 28172 15388 6321 22040 28192 6211 23126 19737
52
29108 18186 21980 9685 1485 26289 12369 634 25358 20377 25815 17263 32735 26714 8759 29861 12153 4634 29838 8984 30455 31060 25342 21425 14512 25560 5539 24939 10693 8211 6089 1718 17910 31121 2652 5657 13754 22208 23199 9754 23182 25591 20769 13410 30093 28598 3310 1053 7233 23600 16130 15264
9
12727 3535 24897 2090 26212 28356 22701 3400 26144
14
2268 6579 21595 2636 28266 18734 6334 27365 20634 28400 14778 27501 21966 14122
71
27779 16051 23162 27022 2248 10923 22396 9742 22005 25438 21497 10008 12441 30314 32037 8924 31924 25637 3350 31210 11303 23609 9430 30964 2408 11665 3255 26581 6778 28025 20198 2515 12317 6656 24643 29473 30018 15265 19312 22440 4801 18979 4648 14088 15182 22718 14547 2521 13226 19839 12375 21558 11030 10222 4656 16764 30733 6893 25283 11599 3378 32227 19951 15838 14984 22810 4582 29544 3809 4454 3131
74
30472 7484 653 11395 15313 21889 9236 20004 5259 8645 3642 11295 2452 26869 19460 9713 15052 20615 7650 10206 6833 6925 11756 7723 25801 21770 22891 10382 21313 17412 13211 8675 22483 19418 9647 20512 23533 15960 20502 20619 19471 18697 4349 5163 29300 30028 21525 124 25846 28330 3990 2151 2604 871 4740 20848 31189 4951 2097 14642 15481 24819 21763 20232 11853 30892 12407 5646 2392 8832 8294 9032 23252 4554
57
26583 18270 18742 22806 17714 22997 19571 28851 9881 6182 22574 11966 10501 14967 22210 23475 7255 5426 16063 30833 4158 602 9964 4659 10330 29984 23436 4801 31650 27569 22753 24808 771 13139 20207 25895 23369 12976 4738 18091 24131 11889 8050 29822 22306 15375 4134 20219 22051 22246 11863 1413 26478 19340 278 31864 12605
88
20320 15680 19046 13330 17257 28993 20818 15560 15895 31492 7650 5066 5175 13169 24433 15577 17686 15604 3530 29541 30192 24869 24634 5459 16811 29092 15081 11006 12485 12359 1641 12412 28044 632 9616 1058 2189 29656 32131 7754 24910 19497 17428 30291 1856 15466 2126 14570 9967 26435 10573 13192 22396 18596 12116 6460 23629 16554 15129 1195 12035 17858 32611 23381 26028 528 30935 30234 18746 24594 22543 13052 12341 19072 20973 21542 29100 9079 18991 20526 1137 14039 3139 30615 7814 11242 1628 5018
75
15045 25125 6936 9716 23414 4901 5162 18129 17381 11009 16986 7989 17694 28262 28722 17875 30742 15178 18789 9952 2620 29483 11268 24696 14418 23192 6645 15933 27515 4595 24226 6209 11413 2933 15598 6438 25032 8818 14701 12163 2655 14303 21716 11914 27863 30737 19118 25064 27446 11719 10321 6381 29087 18027 20497 27885 13090 27541 15539 18150 10456 21969 6437 26722 1840 15522 108 31647 7556 1991 31197 28398 21488 9660 1424
90
11140 19730 5768 25590 8614 19546 24550 28029 8822 1790 14591 1628 11669 7591 8492 19613 21691 22467 3187 17727 9652 30073 15785 24016 30121 24034 3033 11326 29089 32118 5866 24810 6215 26820 12155 7934 238 5991 30226 12033 5074 19253 30070 16296 6049 30649 15449 10479 14394 15844 14906 25961 27316 20479 25482 13780 21154 20964 24846 8945 3221 2414 20100 20883 483 29486 19593 23797 10663 3935 27066 11088 23305 31516 10010 28845 5312 10705 7092 21496 24021 21232 31617 27223 9129 26597 1419 31930 14649 9803
35
23457 6752 4976 17798 24543 9654 24954 25220 28122 24108 23846 7061 27811 22813 9906 12052 1018 14039 22148 10208 22292 591 11790 23216 23707 14611 20468 19879 30711 3967 17265 15913 14284 17716 18167
70
7622 13845 30802 5006 20917 1694 31990 28966 2975 8456 5252 14423 17843 6162 17103 27007 7017 937 16669 5523 25456 781 1989 4450 9704 10800 5629 28190 17106 24159 27629 23320 23749 26147 27400 21707 23522 12394 4251 17692 7434 5858 16038 30944 8526 8102 1772 3743 20902 540 11334 17047 10982 29469 20028 15364 26095 31831 29398 16287 28706 25328 25264 27493 18459 24940 2893 24473 4763 14545
35
31685 23817 20258 156 14478 16519 6751 29691 15471 814 11986 19378 30556 2158 2100 25189 12282 14512 30814 24920 19981 29172 25950 22066 10543 27576 11722 22017 12232 4636 10068 20863 31290 7237 27551
39
25087 26449 31515 22314 13478 24426 3305 21691 16198 24788 8971 18547 12801 20026 31824 377 15537 30 5896 11627 7375 11046 19978 4433 17044 183 18172 20176 20829 15813 5582 2465 32596 7146 14728 321 6221 22709 22086
59
18244 20608 22464 3859 8213 11663 21328 2160 793 23917 26166 24697 24586 20925 14622 25726 14591 1547 5103 19739 29502 23892 21827 10191 10833 30921 32282 1003 14684 27600 9679 26286 28333 29004 27211 19118 7573 1566 12408 11897 630 3308 18680 30333 11550 24352 19736 9765 25939 28468 18431 13381 15791 24622 44 32440 18607 13926 29983
49
1423 25941 13261 20023 16373 28794 13209 31330 2820 10715 7188 22110 15626 12058 29348 30473 26686 5925 18896 24284 5888 19816 32676 21187 7522 11586 15191 28971 9192 29110 28203 16220 20364 19812 23445 8457 11013 16055 27806 28197 13641 29791 21129 6905 14673 22018 15542 9844 21276
47
17090 17910 27283 31744 27680 2042 9071 10483 25070 9942 25417 15453 13829 27086 7650 15948 26188 21764 3433 27779 13446 29174 26862 26399 12398 328 24345 4219 10246 31172 10524 9296 29228 30879 18918 18977 18286 1789 19865 9942 7455 22712 7487 12711 13994 26717 15033
38
5240 30967 32273 3372 8722 1135 800 15078 18551 20423 32186 27752 10813 14549 17334 4674 24449 31178 24270 9814 30068 15018 10310 26855 1815 22272 18383 29683 21314 11215 6570 6339 29675 459 16400 15296 6821 26569
27
30311 4469 26685 26689 9871 3651 5696 3118 24358 27816 721 20095 8806 7561 13452 20334 13177 11252 19613 9351 9860 7438 14049 22599 12772 3148 9544
47
22502 23166 4989 9887 29065 1994 5178 9411 10061 16950 3349 4118 30950 21232 2451 20699 19742 26352 7899 4969 7043 25051 783 21035 24156 22567 11996 16620 24802 29825 15696 32081 15789 19563 32236 10407 8557 26666 27899 20191 9690 479 1570 16087 22766 16372 9527
36
28345 26966 4204 2325 32079 20018 14912 25507 16838 28586 18314 11253 18562 11165 21883 9734 13027 5630 8 13959 26917 29483 17134 20436 9092 11386 27635 11046 3748 29461 623 8714 3889 1289 18444 15378
52
14026 17610 19460 12760 8262 32237 4116 9847 21051 16857 6956 21467 25673 10817 16002 11122 4853 3874 2413 31048 19442 29176 22474 18645 20383 10545 8094 3098 3024 24546 16893 14572 5073 15801 25386 20623 22952 19251 3583 1414 3227 26126 9871 29610 16626 23042 28683 7802 17662 29100 10722 10674
34
2092 31 12913 16558 2889 23729 24896 1005 31429 27090 4446 11864 1919 27382 13881 27693 22795 9331 4514 2958 2644 30100 13708 1841 22918 22760 21264 10586 3883 16096 31413 23302 24724 30361
32
20858 6391 485 7067 22757 10739 25463 6799 19789 25654 11392 7492 23551 25318 25176 20287 4035 7616 5534 22328 10940 27495 11060 3092 22415 32251 13962 30227 30152 3566 18720 28747
9
31288 4766 18057 4388 9518 22707 19877 25852 3685
80
852 25787 23090 317 14458 1434 7649 3463 11987 27936 13018 27196 19221 29053 18841 11448 6326 19869 22894 14043 23205 16136 22225 25615 5175 15110 9205 1926 7780 32518 28576 8132 7475 64 30265 25438 26995 32410 22819 2817 17068 16072 73 31925 23893 12216 14842 15459 8519 32557 3320 17813 11378 25002 28875 12926 28111 4497 24667 21562 27797 18828 31422 8279 4016 15916 9807 6035 31087 23248 27136 2535 19325 17865 28913 23493 26386 28603 27713 12447
97
18212 7848 1143 16870 24885 20446 25555 30488 17166 13384 28152 12991 278 10620 31155 25029 16539 15205 12246 25605 4897 25155 24878 23145 7161 25075 30900 8271 13333 11889 24071 29746 26 31131 23578 4998 11447 20024 24618 19939 17718 23608 9460 21350 22608 23101 7716 16981 24390 8283 14352 14337 6957 24604 16294 26865 23689 7624 1699 1084 26910 20195 6151 26167 29699 16886 4293 24144 23544 13203 28862 3130 9209 13459 30704 6219 23060 17826 25579 19234 24695 19454 8581 18572 19661 17275 18127 29097 20939 20939 26952 12874 26373 7932 9296 15774 8967
14
32270 31649 31223 18294 15461 24706 23008 12630 16948 25608 29362 22001 31605 26199
95
23406 30377 16487 31376 2264 24293 29828 23817 5441 3442 8132 8139 17327 20813 19718 31440 8838 7257 3948 14906 31915 16375 7335 32653 26090 22487 23669 8988 26261 22286 4455 18881 2670 27496 32488 721 22215 11007 12411 591 27624 16396 17988 19296 21937 1790 27338 24319 20353 21193 22011 17138 32598 19329 369 29949 27701 6951 29171 7765 13260 23747 14911 6999 17238 434 6918 11130 6079 8514 25657 23939 18696 26236 31619 3064 25838 4161 11287 32214 23750 14233 9131 32646 2732 20551 16580 2062 4572 6049 5685 16005 7776 26014 18402
25
21892 882 31461 12934 3236 10868 32502 8265 9655 18284 16833 5142 31245 3703 9915 9240 17780 4410 27076 2628 20828 19833 17252 18319 23353
65
1887 14889 30006 7744 22336 2007 15226 1995 1753 20639 1453 14804 17438 3827 6025 4087 18375 30205 32671 9815 9728 20357 3495 18075 5986 28950 789 9783 20002 3164 12781 23021 11144 24273 32215 8851 27043 1177 29558 30486 3388 29353 27126 28607 13320 23599 25316 30389 4897 1838 7235 25028 14775 21609 2268 22876 27651 32387 8917 12509 10877 21604 19589 5137 14671
58
11770 15369 16785 27149 11471 14742 14092 10871 18241 7279 10293 31013 9986 782 9962 6281 23688 29862 13288 896 16399 19985 18412 25058 25565 31498 30745 11095 31689 20380 14746 27757 24062 5594 2184 25064 253 9169 30222 24154 6881 3515 25035 11763 17895 18550 25207 27801 20013 20532 8650 571 3258 10099 12185 14691 29631 16944
54
12316 12631 2635 17074 1062 8831 30534 8623 16296 2004 7160 24772 31016 31828 19386 22774 27755 14399 23326 21660 8763 10696 9686 3511 17767 1553 11218 26241 18700 26198 2473 4169 17427 17769 20538 5245 9723 29022 32659 29705 10456 17799 10514 20703 9372 16547 31945 21975 10134 19282 17959 20666 30776 17100
90
25629 7123 18143 27236 75 12774 9492 19896 16053 5816 2735 1015 32004 30176 26423 10142 28822 24786 12707 4563 5063 5902 24514 1086 30832 7831 27866 9498 9134 16551 13200 396 22245 16033 7943 2611 27140 21319 30540 15872 6922 21549 19698 30536 30409 1901 18425 3863 16105 413 24053 19144 28977 8190 13163 18386 21506 29430 11391 23013 11300 11457 28876 3894 32710 26723 26260 20247 2751 23777 26905 18122 18458 20656 15946 6295 13522 24942 4002 284 12250 29648 27214 26341 7008 24540 2702 2108 9043 11608
10
27028 2167 27461 23015 2189 3561 1821 2073 26120 30086
47
23521 18694 10484 20869 886 7335 28215 25488 16660 15564 26120 18846 9136 24298 2331 3673 27864 22948 16790 26921 21737 10293 28892 31922 24449 15631 1955 24222 21559 26561 25677 19612 12170 21022 27509 12968 8216 22684 3784 26254 25617 16890 13846 15529 6890 6694 16040
23
13405 1237 26421 15730 6292 11216 2468 22847 24599 6084 17554 22870 17776 20003 10361 27095 27530 12347 29502 27555 8214 17418 1462
97
32595 21097 32584 3640 18673 10646 16108 23566 9324 1655 8088 1116 15306 16837 21168 73 15271 19839 23244 32345 13704 24040 8368 29585 31853 9167 21631 18397 12197 31762 28459 8624 26598 14437 26672 5354 15005 25936 29570 14590 1923 12663 23491 27220 17521 23070 19642 15084 15221 16620 8705 22085 28453 3823 3581 23677 6451 2273 11539 30905 30530 30890 22809 14023 23032 20517 20747 23554 10837 26919 2304 18294 22851 1726 13916 7493 28014 31670 27718 16714 9045 6754 23645 25851 21410 20889 4006 11412 5046 6910 11209 12146 17545 7812 6270 22460 945
83
25929 12992 1316 12110 6078 2259 22739 22473 17399 25192 17302 31293 22697 17264 2408 6984 5701 16294 12267 10132 32287 15646 1709 27400 15567 17697 1194 2112 5079 22328 7955 1083 1671 29319 32078 14932 19998 18780 11838 19572 22834 21256 17092 25477 23122 12270 29062 21546 10729 5081 10223 31661 32613 10899 11383 26937 17817 10931 13860 10057 3680 2742 7504 14688 27012 3153 2478 8699 8926 4614 16776 1219 11198 29430 32330 14600 13197 16630 27204 24683 13232 13540 11180
27
13628 8418 2242 17048 10982 12792 6271 32415 6226 23410 17432 3079 9927 22090 553 25157 7672 312 21792 24162 31193 28464 12204 26017 4784 16171 32115
54
8490 9220 11846 31297 11384 4108 148 32611 27440 8908 12252 15925 16128 5066 16346 27793 812 6855 27804 27739 4054 30194 26599 9049 636 8283 1496 1349 28610 19626 7367 1057 25202 30737 7280 23243 19393 10623 8277 26065 18644 12567 350 32390 24962 31712 10947 3158 9308 20414 13867 16470 17386 929
10
6456 2044 15736 15581 12177 21369 18342 4003 15755 2027
73
12100 25475 5794 8153 9706 21064 26222 8046 4225 13249 18059 14526 16864 10484 18234 8466 10237 32405 32437 24787 2155 1911 18890 8607 26145 31558 32713 8860 29821 11640 7584 18189 15241 12417 11333 29475 20860 14662 26196 11029 19844 22229 24826 10355 22466 21075 15377 22967 31382 19253 7564 29 6430 25524 31766 24500 12025 4474 31990 13749 15697 26274 26934 26900 2328 26335 32260 10582 3729 15611 7256 28578 19987
24
5658 22026 7106 17656 31084 11838 12779 13925 22691 2136 1434 14756 26436 22946 18302 19190 17814 16910 21839 22655 21313 25722 16647 31912
47
22606 14274 32574 31670 16438 27884 16478 8382 31016 9782 21337 27004 24351 25606 14864 1825 31251 31675 27766 27042 12985 18833 21222 8380 16233 14788 15034 20022 23903 27897 31001 3430 10791 31705 12304 29686 12627 7679 27108 4072 623 14356 32423 1752 25399 5432 30730
38
20388 26482 5763 19602 11406 25166 27492 3799 28493 6311 31444 15953 26558 14840 6453 30062 16358 7233 2138 25411 19673 22871 28559 29566 26330 22142 5338 12956 3267 27193 15233 16988 22184 5217 19404 29299 31671 31861
82
28514 10801 21212 19012 22977 11362 19111 8459 28465 8696 15979 25966 27458 22877 32700 11325 13008 31237 22027 9654 24943 27719 5928 25595 17933 29547 10502 26051 4818 11780 20671 14671 17483 28800 29399 19360 968 11773 10437 14311 2306 25438 20399 11069 16129 14494 29814 12436 12349 19557 16626 30957 32260 24025 20095 29644 26395 18615 440 19433 8616 1954 21378 7209 3151 12475 11085 28876 31388 8305 11926 26856 8353 18075 10672 3094 25056 18884 30149 10347 1899 29893
13
8521 8858 22156 12983 5916 7278 23914 11855 11265 7672 4703 29687 31160
23
19506 9989 26983 19234 1783 23893 30166 28150 17250 16805 25460 8113 24490 29856 24142 29187 9555 24071 8751 6233 1445 18262 15031
11
2469 2477 25437 24225 21196 1942 11206 21561 17866 29319 24946
23
30074 22491 8955 17349 4117 16268 21151 22766 23451 22070 21553 28623 32632 32610 12190 6381 4393 25964 25960 5144 19791 7746 4179
97
3433 20322 5342 24935 10049 3073 20681 10117 31113 28804 13677 22100 7461 8912 16229 27927 29983 5976 30891 22508 24301 4172 19199 2210 14322 7436 20877 4554 23623 11747 28106 30737 698 4082 9119 11725 6679 25962 201 27861 2983 28159 4992 25238 1783 13209 13398 25187 15066 28492 10083 4621 8113 14986 22687 17588 14058 24727 14223 30684 25543 25662 30244 9923 16737 3523 12000 26611 6636 5400 13882 2323 25404 15443 6980 7426 25736 28256 7051 12327 26991 13811 3646 5890 9784 8385 2707 2823 12638 25328 19815 2477 13900 20172 8741 10690 17765
81
23297 25927 32627 25572 17382 18769 8298 7682 12737 20835 8334 11466 20234 14052 26935 21382 5108 2826 6490 32164 9540 27221 31487 11869 5476 2397 27893 5012 15283 32462 5316 16385 5664 28337 27875 20622 26871 31469 811 257 4346 7437 31628 29660 15284 19779 11007 12673 31242 6829 24251 8858 24851 6360 9132 2488 11562 18051 8737 16442 6977 20901 25029 14961 27768 23729 2512 5890 18414 10520 29054 15755 28374 19215 5313 20617 30414 19092 16690 30329 32365
18
3792 13403 23876 2461 29766 30306 13878 16117 15350 28521 17695 25979 2781 1670 4752 27150 18095 17838
25
12922 5067 14062 3828 16006 21774 32038 28544 3969 25991 12233 24754 216 8691 11115 13405 9832 29397 2643 24632 4438 3528 12418 27095 23611
14
24219 14918 15076 13535 28505 13012 2845 26570 30745 3932 32624 8780 25186 25173
17
14245 4986 9033 15526 15908 6430 20806 22329 23820 23487 27027 13058 3044 30685 19841 18331 20779
38
20311 5181 12617 27228 21552 18039 21386 26381 2305 10139 12441 20654 17142 10614 24353 24330 10048 14016 20489 27713 24845 24899 21506 13328 29623 15168 8028 6226 32059 24590 16414 3783 31982 28676 14933 7189 29291 921
19
26832 22986 12093 30510 16938 17852 26279 13679 22317 8099 30049 32313 16169 15586 18766 32179 21561 13172 29585
13
27786 162 7506 23307 19061 5793 26191 4194 26055 19947 29430 26656 9653
53
32308 14272 18484 27648 7125 10901 5068 1847 4469 12337 6858 18693 27888 19272 4131 10075 24586 27624 21441 12876 27416 16218 4821 786 8189 14153 17007 7250 4440 3109 10316 8097 16892 16074 26094 31814 10401 23901 14834 31553 7129 3959 27551 19597 14917 11654 5307 31139 8968 26480 15778 24895 4732
92
8294 14116 22118 8543 3240 21218 25058 25093 9123 31850 11810 26112 5064 5367 4549 31357 16994 17981 17150 8948 29395 7326 22772 9472 29473 4512 31849 1646 29106 6815 2970 12691 24660 4031 13671 13283 2177 32549 20404 19136 13536 16487 27919 12944 5134 23616 30099 27666 14495 7305 18188 27634 23136 22628 8284 26779 15583 20667 23581 14924 24366 12521 16007 366 22755 1974 23188 1829 2147 19593 21091 3109 30305 17625 30426 31175 4769 24037 2704 10587 11778 20133 11242 13760 21947 5632 10884 2867 29669 10559 19410 10597
33
17159 19408 5148 8433 24629 27722 14553 21878 15030 21467 32557 25770 23244 11724 22792 23884 9860 20736 26258 12409 5600 13192 27500 25048 29236 15473 10553 2070 9425 26592 17246 12690 22753
58
345 29842 30845 31336 6228 11639 21387 23116 7872 15403 1224 25803 479 29495 1449 6743 14829 15669 23663 22012 11350 17974 12285 25061 32294 21602 19942 13602 27329 5086 22219 16041 29396 23027 1252 24986 30603 9068 16604 1735 5637 21055 30946 26483 22277 28272 28157 30042 1770 28211 27551 1010 18913 18769 7550 5873 16473 23500
24
20407 23494 25779 1549 25419 26271 11943 14070 14723 26974 21879 30629 4447 26706 18499 18055 19493 27129 13476 6050 22358 2336 24640 6102
17
16540 13667 10133 20569 17714 4524 476 27745 1988 16443 25767 1247 22255 30468 2213 8212 20227
89
23978 29970 7055 13481 2968 2119 5431 3867 581 32121 26673 17341 3056 22784 7749 12484 23375 23240 12161 1689 21878 12452 15162 11470 13051 8932 21069 29527 15448 28457 13994 25591 9616 17784 13332 18424 19734 7054 30242 13855 25066 19059 32650 15583 13573 10834 9886 31949 14839 8328 15127 18260 31439 21499 14610 5546 827 31661 11608 27650 1776 31633 12002 32004 18252 17309 4509 8570 31802 9504 13930 30796 17495 4694 7273 17070 24659 31801 6007 20632 15769 17051 20469 4470 5170 27250 28620 7458 7142
92
18703 7333 15842 16286 7623 24102 15784 27058 16535 15054 24486 17943 9608 22995 25673 12630 7570 21665 6750 11735 5389 19325 12584 15780 5736 11624 28848 2414 25885 14150 19549 30933 17636 28223 964 8164 16680 6502 17857 9691 2231 32408 2503 2354 12733 26279 4980 25818 31219 11448 21609 6854 22292 23786 8280 1962 27537 9785 26462 9219 13189 9121 27284 13911 32235 16518 7905 31422 1551 15443 12818 25505 16706 4450 26156 22466 13522 17180 14080 4476 26681 22369 32257 845 18325 32554 2131 26001 2648 12908 21284 20880
33
25151 3515 30347 11330 25822 28467 12132 7734 7360 29835 5536 4338 15228 32207 27311 23416 10773 17861 23756 5986 28366 114 15224 21379 9536 17120 20519 22987 15529 6175 12089 3179 28807
26
7738 12134 4171 9231 10839 25590 24098 5433 28432 21600 15202 13116 12291 3034 17468 12309 899 634 7999 11173 3902 30535 16160 32357 30748 12438
8
26820 13748 20298 9802 1842 32562 8636 19052
24
10359 22644 2588 12987 14538 15559 27779 28582 7909 22561 17587 11939 14481 32635 2252 28187 10270 13107 16844 13541 13212 20839 1124 30660
74
27652 30769 14939 1978 19513 91 2247 17400 3128 8301 19874 13946 24763 20751 6783 30678 22539 7983 24872 10496 27742 17665 14480 29806 4196 21572 28169 10873 27165 21960 14007 32007 12269 557 5445 7783 23538 30701 18390 18300 10645 4765 21055 26910 4447 18287 30835 3261 14095 11004 15678 10311 32233 1088 14647 26956 14160 4326 24048 15201 8087 24262 31087 3522 7445 24237 3554 7227 30071 5212 20878 16200 27994 2003
8
20062 14742 32007 10906 25754 12063 25580 20130
37
7806 32259 23418 11694 6971 31310 10582 11559 19941 2637 20380 19658 30691 12511 12421 25974 20453 17922 4064 2131 19655 9778 21777 18625 6072 27634 11866 25230 27035 26536 31065 4204 22445 18861 5330 9890 21352
24
17921 25000 7692 26949 15130 19725 23314 5849 23982 22432 1961 16995 1126 12217 16860 22161 24772 11296 866 11279 22362 4978 23411 11270
49
31450 31715 31661 18321 17996 5721 10024 199 25336 30121 15995 6979 29023 13089 17740 23913 27238 16354 5316 30218 21161 6887 18824 647 14355 10307 19947 16442 11692 3498 21602 27921 14769 14387 22072 7036 27114 28508 27266 32138 568 6479 2390 27471 31086 5220 3896 10376 14433
30
11650 20291 24090 28404 30519 5420 8573 27305 8890 26106 10062 6603 22486 29275 9548 17321 18162 22056 193 19961 15928 26869 11455 12817 6647 31974 15786 21082 5189 32708
46
14312 12879 20530 24815 31351 27094 19014 13820 16828 4102 30201 8543 22621 21760 21174 13673 5563 18350 13455 13172 15643 18518 15490 13078 22532 2415 9723 18842 4071 4788 3483 17840 19206 31352 5432 21347 4238 18745 2341 7244 30726 15223 27315 14341 10221 21958
52
10143 32547 26830 8410 2169 5508 2335 27339 10813 12467 14432 21472 7864 1883 20060 8522 28834 10851 17715 7735 20933 2684 30882 28161 29794 31734 27268 20133 5072 11480 12441 24440 28774 16687 28551 16405 17051 2470 1822 7066 26988 2135 21472 29716 22526 14305 10689 16951 1669 18619 27691 15699
9
26437 24451 14742 26923 20085 31272 32076 22108 1060
82
22139 3777 24332 8649 8677 24328 27626 16983 10758 19332 20766 26370 17006 25938 30687 15991 24614 2601 20639 6835 25412 22423 2362 7786 7869 25485 29556 22954 4731 24094 12194 6588 2991 132 28583 28747 8041 28004 26146 13767 13158 26195 13798 2828 2344 31384 30123 7743 32588 4915 7171 14073 32025 31 26511 19880 15445 27349 6002 12850 25948 21009 2054 1499 12659 29400 1998 3176 1881 17082 30892 6276 17951 24405 4436 5988 12858 5914 21249 32679 14551 28500
39
32110 19301 23272 17942 26010 6483 26378 9259 5928 10116 16681 16380 7277 1990 24937 26729 8925 9107 30191 4950 2010 26002 30289 29521 10186 7264 2890 4213 9068 31377 7859 26766 3948 22514 10158 23166 16949 6161 1829
95
23040 2163 24553 9544 21845 23136 2710 32543 2165 5203 8965 8767 7187 7107 6684 6145 8179 32239 21106 22965 1268 4559 2668 8762 30797 30282 12710 32205 1047 16553 11668 3103 6412 28492 20841 10410 25998 29851 3383 27972 7659 28224 6232 17141 6623 23700 6926 29958 27482 28246 7014 31322 21124 13475 12642 26882 13054 21282 18006 18443 28267 128 25491 13210 18480 27420 21571 1852 13943 22019 7828 631 17530 542 6169 7077 27134 14250 6509 29954 31773 1001 5401 10243 6985 32535 5559 23273 17038 11936 26456 21655 23575 22416 28708
17
21835 31808 9637 14875 18558 245 6110 4268 12885 6926 25078 2937 20463 19585 4636 965 18959
58
2892 3348 949 13081 5508 23851 14195 23320 17955 31427 21646 5465 2273 27457 12584 27789 22143 14837 2721 19105 19208 17741 28160 20369 29015 27721 32660 2685 26585 12335 26075 18686 17044 7808 23458 28858 20072 5930 11630 5942 6549 17151 9755 19436 25982 20070 11971 18590 26029 15441 9697 31721 28694 25967 12726 8733 672 30626
89
16865 2483 13434 5537 21801 5957 4551 22259 17347 30983 5138 18586 14199 11566 3601 19074 18515 1059 1240 10878 13740 1400 20733 20702 12383 8481 23290 6979 6748 225 30418 22962 24422 3586 8952 8680 19220 32585 11884 27885 28 809 2599 13036 29904 23095 18873 31042 6377 30174 5937 1749 2180 28500 7741 12967 28778 27340 12946 171 1940 15086 13710 215 16879 22660 32540 9338 8284 630 19929 32208 16891 6648 629 7635 6825 3842 10843 1109 29383 28928 7572 22092 5182 30668 13288 20077 18623
8
1956 12696 29122 23912 9080 19954 20855 4925
