98
70
16830 7812 13388 26843 15086 16679 5652 2482 7188 4073 7023 19454 26713 21220 14174 13516 13918 5315 7734 27181 2758 9007 5189 22339 15350 29578 4024 22171 17176 16352 12732 22205 7782 28698 23268 11522 10405 9077 24267 2726 2543 28211 6906 18462 9654 8081 29964 31404 10758 9208 1040 2096 9226 22391 26926 11585 15826 23665 7054 10620 2387 19091 11125 1564 31920 18953 16561 10956 952 28402
94
19119 26897 1292 17386 9809 23493 14433 13012 15636 29243 21762 27689 21934 994 4593 21234 28375 23839 28749 28893 1104 67 18553 24280 9508 29370 12923 7134 16174 27268 19874 17937 17371 28650 11116 27146 2609 18281 24998 23661 4624 14323 2005 20928 3256 343 9173 10365 20108 5885 18880 6501 3606 29398 29458 16920 5194 5267 20746 15843 16911 277 7763 16601 3835 22053 13283 26917 25950 18022 25892 15006 32643 4487 26449 30876 10802 19645 18467 21002 4217 3953 14254 5053 29869 22582 10629 21764 31403 15869 4389 21121 26467 16780
12
31526 18905 16778 20940 4854 12760 17795 13115 17114 20695 23240 8684
93
9598 7420 23807 7859 13520 32641 23619 9128 14315 29052 170 691 1101 25865 23593 3330 20800 29657 8960 25059 19617 12514 1693 28193 27878 16981 14270 30097 9312 22481 21463 23272 22972 20694 16819 6607 18896 10108 16733 10042 13973 29541 13121 11253 1903 6384 23183 19839 16053 30895 7904 31004 26733 13084 4380 25894 26199 21639 14235 15524 15662 32083 25994 10526 18218 23138 8593 11951 28617 462 24498 3675 23759 2010 4725 8867 10379 24616 22338 27223 4445 24364 16910 13740 17013 28640 3130 10638 6621 20921 10935 3383 4026
88
5633 8911 14985 6624 9592 28226 22495 31498 11700 19619 26819 4236 12262 11306 3353 31498 2352 30784 14902 29649 442 15425 25239 9662 20994 25473 17875 3420 4723 14989 31951 9292 18746 5555 5681 23530 2645 16580 22295 11053 24044 7192 29704 13263 24805 2771 22059 17070 21427 5735 16566 12147 2926 27482 27306 24433 31017 4938 24766 28624 15232 4142 17304 19178 28272 15582 13891 11509 11628 5846 4318 23523 31660 21814 11153 5766 1737 28942 21958 32504 30599 729 19861 1082 17649 6471 19327 3867
75
30304 30299 15237 5925 21407 32273 13644 10585 1960 26186 8933 21504 31388 19699 26524 30214 13638 26361 14009 16227 2642 21678 9812 18590 24505 5487 25707 17296 11392 24196 16946 10603 32418 22855 2474 2555 7499 3208 20853 24619 6982 30001 17129 4042 28089 4646 1635 28815 23312 26479 18910 2651 22071 15513 5572 26303 6668 6745 25603 7102 6420 19315 11620 29652 5484 25818 24857 22327 29955 6425 31380 23132 9735 23281 10656
68
4932 16554 10970 2773 28210 23903 6781 32733 897 32637 20547 17269 24130 482 1880 162 10161 10730 27778 31399 31070 16631 8545 4913 6794 27729 1269 210 11476 14129 25952 18864 3093 792 32493 22143 25992 21093 27730 12716 18990 8487 27698 18139 16496 16432 8166 13972 6407 26219 10109 4665 2841 27759 16129 5180 23460 26195 16636 10382 5152 4036 12859 22875 3168 15958 15058 29684
19
12385 31245 1383 15467 5525 13096 13356 25876 13041 29265 6458 5519 11470 25612 8788 27302 15008 30860 31535
95
1984 26140 30971 20345 5084 20364 8356 1235 26127 7277 8400 15398 21463 26138 8188 27207 1472 23997 19002 3158 16506 16661 734 25249 17454 3191 24187 21190 13842 3603 30990 13592 18492 15993 31864 4420 5044 604 27442 3637 22732 14741 828 6452 6580 16234 19798 2132 17225 16401 11379 15373 22574 1904 363 1063 21022 11559 14064 19417 11648 16848 18883 20787 21308 24965 8487 27577 21710 20387 19351 9809 11929 32718 29620 12383 1149 12342 8577 27182 3243 31000 7122 4242 7352 30087 32258 19403 3313 26988 21989 9645 26095 2252 24061
36
17481 10225 15392 24403 16108 19258 20719 31772 20769 27680 13293 7515 15619 12005 30877 18319 30682 27456 12588 14401 11490 13325 10070 19280 23887 1858 7304 19078 16781 14885 21826 23406 20428 30140 29632 32618
92
26073 23040 917 2664 27175 12661 7771 27626 28776 23965 8032 4515 22820 6385 778 17138 22673 26594 6358 15087 179 2669 32413 18081 14023 11248 24855 4978 6114 17724 9629 16863 4310 25835 24883 4212 11605 20980 16581 13048 25177 15484 18097 10725 22466 28911 390 11803 30017 16720 8203 1236 13942 6349 1668 20443 2645 28055 18736 11769 16846 1264 12310 16304 20909 15750 10242 25644 27583 21503 17610 17015 13110 21973 14549 29420 4174 13924 26078 23790 26417 14913 27382 7386 13848 11470 21448 1593 24244 5131 19745 5691
58
688 27233 31783 2168 2570 3961 10156 20671 32496 15567 7112 8015 13525 20386 31248 9079 8603 6869 27688 14686 26014 24295 3043 16791 5363 32293 5803 5877 9714 16670 28708 5793 10481 16216 14348 28265 11603 16449 30566 9563 30658 10344 10455 4755 28088 18157 8272 13905 23108 5943 5613 10575 28683 19172 22557 5713 11405 12294
28
169 18316 2845 25837 25187 8190 292 7171 11238 18542 1331 29436 27589 28587 15147 11592 2694 951 8789 12569 26977 25979 19017 30907 24133 1210 20239 11811
15
24709 9418 32336 26220 22784 9660 8846 20923 10038 16875 5066 7654 3932 7882 19331
48
28951 9800 21735 13160 6648 23675 32011 17156 6730 30805 21583 14593 20534 27946 5959 23543 13061 13294 32421 22293 309 4345 32248 19980 5324 26375 23187 26664 20972 15235 11978 5824 25512 20485 11621 6865 15126 29977 14670 3558 1189 31298 9613 29243 1969 24382 12662 3617
93
12577 6077 22638 23354 23788 28552 3789 4382 31100 865 10718 599 3027 4763 16570 10855 7928 17257 19159 9404 6964 27971 20700 27186 7553 25228 8115 2010 25408 32113 12768 13050 7722 29716 17170 24148 17545 14314 16888 13483 12712 25697 5206 7300 10888 199 24920 10538 6868 6503 22054 7412 7703 29685 6328 24778 10541 25388 23788 5350 26616 32181 20438 7896 9044 15435 19799 22733 17228 17181 5105 17936 16782 23155 27353 28881 8220 23189 28238 21798 14405 3817 30250 32079 30164 21595 19127 13118 21127 30465 7107 27479 9666
78
19572 7301 31913 29284 31020 28060 29672 31839 32341 7701 9951 2447 2759 27127 18382 4164 21603 9521 14902 2058 20052 10449 6974 24703 5269 8310 10581 23137 12467 19464 20249 30443 7125 2470 21879 29026 8697 15328 276 30443 2688 24615 7916 4255 10733 27009 17466 29665 16618 13186 17815 11503 19596 8567 10597 22456 11223 15844 6510 23278 16005 28209 6089 22875 24835 3744 31486 19832 27069 2690 30057 828 2971 17579 11236 25650 16843 25635
91
10434 22814 28500 18945 26749 11822 13210 12811 5133 31160 31381 9105 8786 933 9944 2031 25607 29529 13699 19919 6910 6633 12207 9467 5805 11400 19213 11375 31210 835 32201 18099 3571 12271 2485 2151 18097 351 17059 29983 23614 18138 5138 32370 7588 26571 2574 31054 24808 9147 24913 32142 13383 3709 25262 25551 13503 7336 3504 21887 11729 21579 22142 9014 26246 30171 31489 21834 16304 12656 13129 10910 1906 15409 16685 31162 9730 23053 9010 10273 1966 12205 28335 11230 26653 28838 5422 19297 25304 15858 6420
19
18593 30085 7170 7298 3276 15746 25041 24576 14539 13908 24621 3249 5287 28974 26513 25845 32210 10254 4879
14
171 23249 14896 13517 5183 31677 6325 22694 24762 2938 12855 14643 8720 24504
54
18451 12183 996 9377 28401 14872 2893 11488 16638 12497 22717 18170 9652 15078 7711 10044 25080 9268 26658 5799 3487 3279 24545 15867 561 11439 20418 10004 9965 32678 28574 26745 15885 28053 15395 12083 5963 17120 23927 6875 19363 3359 24862 8183 26203 12311 19230 25735 8001 18152 16993 19162 2612 9607
23
24549 3695 19436 6232 17375 28820 30599 10921 11205 16793 14996 20082 19419 18498 22035 16577 11464 27436 21634 26412 20123 22460 25857
68
5461 29109 30479 14595 22734 30058 25808 23390 11299 21628 9128 21743 15978 15607 14209 12228 28681 20989 10759 13739 28455 9832 10937 24566 30816 19121 30016 29820 4029 29201 29184 29664 17891 29413 17646 15638 23946 9815 16033 2594 25905 27451 25515 10787 6416 20535 32297 7313 8527 10535 28057 29123 117 5055 10476 5300 17955 12146 9948 25094 23042 3219 8320 12359 29434 5819 25118 11636
59
7744 13755 32003 26097 30474 1925 21615 21903 12746 30900 25041 15066 18641 4393 26902 30560 20354 11914 18909 17039 23720 5442 23667 25298 28429 4809 6914 509 72 5413 27397 8427 14806 23473 6911 28261 108 9501 26733 1350 18828 32438 8697 21981 28503 6375 14832 16019 30370 17664 23798 6094 31563 55 24825 14101 14029 12269 8291
96
29490 5524 17698 2954 11658 19087 609 9850 12017 28915 11174 150 7454 13870 7418 6354 517 10221 27296 14964 9119 15574 5880 27502 2285 21882 24483 5355 20539 18821 26088 6696 15010 21816 13910 20869 4304 31514 29611 5084 17676 11754 10485 22033 30324 22231 1783 234 14729 3060 4302 31521 18926 2790 31701 6584 2413 19423 18117 27277 28731 16593 19489 3374 21117 5339 21457 3566 7946 8 26636 30521 31603 824 29052 3364 24897 8286 24221 26440 8317 25324 23143 23761 27510 19596 22060 30418 20414 31249 27331 23772 16502 5293 21734 28622
71
4313 1774 9665 4288 22860 825 23088 30919 3459 11512 26635 4906 17076 3988 3048 19903 1201 18347 28605 27441 2502 30563 7656 14839 24037 21759 9587 14210 18688 1968 21397 29627 29879 18093 9852 18604 5427 28293 23881 14973 6482 180 18781 5027 9732 16757 17619 4436 24821 26584 29261 13374 20076 5140 10740 2424 18035 30 14266 32697 17720 7803 20195 7368 6835 6994 22211 10035 15753 29637 29897
79
6017 30652 27185 20308 18580 2117 5779 21626 11648 17070 22809 12260 18829 7657 2686 24244 20323 17364 10168 14932 471 16059 22899 12820 5894 8222 4029 18453 20896 1205 1539 21863 17543 6578 17212 22894 29849 1862 27236 22666 19657 25702 28460 3574 6261 6095 752 29937 30708 19016 19945 27932 878 20007 18596 32292 4080 8214 18866 32416 19135 25879 7074 8765 7917 2502 12076 13080 6443 26334 15791 31339 15838 3839 28638 7276 1397 10671 23733
10
32670 29875 30298 30949 7214 11587 22057 8249 10290 123
51
25078 5384 6139 476 22145 8809 7963 3570 16406 25948 23398 15589 11777 14486 25357 6452 22928 9655 14463 32155 19551 637 17108 15335 15320 28216 9580 9736 15867 17278 15059 11624 15195 21023 14056 3195 17001 30043 13375 11928 8181 23123 12483 18951 24818 2750 15776 24667 8570 4061 26208
9
24518 25499 27589 381 14881 21886 23418 2426 10001
37
621 17002 16861 4914 18004 13563 6284 18489 12101 18523 16661 16098 12731 26598 24308 7179 28974 13058 13955 27383 742 1191 9837 241 21264 5150 21860 17458 24594 4872 26647 23045 16412 27811 21342 41 9471
41
5495 21059 16697 11000 5572 14707 19866 20795 3337 12476 32445 28189 17858 30647 30883 11565 13971 32386 11967 10398 29489 8981 31740 12607 9344 22739 31746 21165 19449 28256 2485 26566 22095 26035 1791 21346 16722 4716 20944 12606 22803
56
4921 20553 29841 3778 7875 14323 8698 20364 7826 6719 23852 25078 23702 15531 11196 29456 22576 19818 15902 74 11423 9 10685 31030 15291 23890 2379 11919 28901 19057 30550 12923 12350 2901 5917 3597 17943 17497 8097 28686 27305 16164 7423 14589 11782 30413 23548 2132 24656 12099 13282 12045 18985 7149 8843 11109
72
28347 4576 9752 16234 17587 1933 13204 19374 258 12683 4625 12045 7583 15820 9291 15271 30005 26905 3447 15152 20670 9814 19317 28750 29523 19208 16717 18242 6210 25876 17881 31179 5986 7625 2751 10823 9123 20001 28579 14876 22505 10308 5530 24406 1563 6734 18145 15762 31862 20050 1743 1562 13608 27551 24072 25425 9242 32066 14068 13138 5901 8652 24175 21972 23528 26709 31938 4433 8528 32448 6866 21351
48
1944 20606 1853 6941 12753 18091 19820 14513 18935 26580 30818 10934 16495 12053 29150 25283 29700 9571 28434 4371 9364 22895 6390 31625 32265 3789 3810 17905 20363 26710 30556 3977 17141 4555 4911 2496 10373 11451 1725 27709 10967 1190 19861 27171 32532 20066 3144 3220
75
13433 5748 3504 17510 12084 21871 13437 20742 385 1085 3126 7602 7992 8740 18071 18054 24598 25535 21091 6537 19217 8447 8535 5335 11241 25711 2653 4096 9984 32700 7171 5291 16235 18804 29483 10879 841 26638 27140 6723 21075 20011 13113 27715 29365 19483 13672 9718 26653 23203 15061 2783 16657 765 18784 25777 20101 2081 14004 5814 31149 13635 19650 113 11280 30109 4718 29571 32222 6510 3207 16587 7811 27715 2813
26
5326 23832 26202 2594 28242 26782 1236 20433 3376 17022 16646 30215 24934 27533 26110 29420 17040 28365 23881 10795 25782 21231 27236 2714 3945 17686
8
19214 24798 7221 1736 30841 14749 29752 18499
38
16713 13427 15171 9818 17711 27734 16410 11408 9625 24111 27790 28536 6484 3556 31740 10188 30145 15524 9957 30681 12423 13260 21056 11653 10629 14092 18709 26000 20747 25030 13383 29722 32329 29622 17586 13926 2567 20696
82
407 14470 31889 9302 1544 30689 14260 27028 11165 7027 13135 23056 28029 25619 21998 1785 2476 776 2505 30586 22842 24945 30358 19259 30907 30436 3490 26154 21751 29525 7200 2427 28642 16441 22465 32237 29134 7404 6533 13136 23263 23120 15056 31044 26815 31160 18624 13635 1172 13060 446 14818 19759 9741 20819 9043 4486 15171 15933 23855 20325 30612 32451 13682 2656 18320 10053 8392 3852 1483 10007 5127 30319 16515 1936 5884 32180 643 8541 29802 1571 9031
25
20817 25185 19494 1387 19860 21020 17067 30460 1722 21854 9221 11211 3835 13523 22598 25964 29739 3911 27155 3777 5429 10580 10166 10432 27588
27
29814 7747 17435 2057 32332 28168 7479 29365 28298 21964 24758 19220 17177 27743 22651 18574 22157 24473 585 7147 22627 7060 27176 28705 6790 29208 1035
59
22103 18607 29338 22896 219 6598 30896 6495 4028 12629 21675 20408 30486 8283 19359 1295 21946 8371 11527 5056 548 15931 26461 14900 25518 6966 19176 8799 27651 21487 28374 653 17621 17824 27786 15199 1491 15505 25911 5904 1749 19844 1454 3581 8794 24145 31860 13413 31797 8654 5656 13677 8323 2801 29635 32615 3808 31545 4113
66
12361 1567 14758 8871 13527 20198 9803 10515 22724 26823 17896 1979 29836 7526 610 27776 31713 22972 31907 32055 9107 19560 411 2206 7859 15942 20612 17300 14072 22851 5739 26249 17505 20848 17132 16179 18460 9301 6717 2690 11943 25223 10350 10967 32053 14205 31214 3697 28243 9119 15698 23079 16843 7328 12882 11357 17353 2062 2580 3121 20284 17447 7342 22773 20351 13039
55
1337 31615 2875 28170 4738 30112 29994 27791 4679 29592 13738 25875 16111 24132 2553 30831 27710 22375 30106 8616 22650 22082 15519 22303 6349 29285 21284 19463 9451 20676 26140 26140 17908 26381 24912 15250 27804 2361 5796 11596 12937 30050 27292 29007 2813 20948 10784 8566 26292 20838 28028 8807 20240 29195 11435
92
2468 26837 21160 11244 5400 3862 842 14359 32167 30849 32515 14654 18555 11109 12663 12484 25728 16846 22542 964 2678 6479 676 18677 25413 12287 3202 11729 26768 21186 8589 14070 13196 202 9150 24524 11795 10333 1234 23912 23028 8408 26691 2224 8846 1524 8566 13248 27805 22600 25142 28301 22611 1807 11617 32456 27051 18220 25057 3846 2810 23403 29150 22813 7622 12810 6706 20433 3548 31608 11806 2992 6813 7772 19259 32570 19097 11481 2483 13893 15711 16144 31920 9376 20370 22247 5909 18423 17728 12553 18541 8438
48
26144 18353 31226 1949 13549 8004 27292 1519 9876 27830 25161 10517 8147 21796 14276 23197 23188 1819 2670 31536 14437 4933 18525 8288 6440 14408 23213 24481 2572 9707 27675 19092 24764 31611 32207 140 5846 1389 15994 31051 31134 32324 22433 27916 500 22197 9529 32199
74
2931 1456 19004 15300 24281 12032 28931 14212 4762 14585 5287 29739 8482 3620 10264 16704 25326 4062 1748 19859 18335 15122 5795 4640 9549 2632 12676 25654 4637 14559 27623 29401 31766 19350 2844 13156 29488 594 16396 371 22958 5915 31271 30207 28334 28263 26269 14795 26367 7323 28625 22271 2098 25807 20747 19987 31220 5329 4716 29167 16795 25197 296 20305 7166 11756 30703 9070 10634 19931 2988 9692 8338 18446
58
31207 7140 10931 23011 19369 459 24756 5370 18012 17415 24637 11237 2110 5296 11413 2088 15064 1274 10414 32058 11988 442 12700 18730 27150 31013 15691 2184 23534 3546 20850 8579 11252 31523 26307 27215 22164 3703 3173 3786 3141 23108 24483 31070 1749 1516 11238 17193 18687 24333 18144 28507 31807 4102 32011 30176 24805 8119
63
1129 7816 6925 963 12798 9388 28979 2008 20841 1447 18891 24503 10260 23821 20132 22598 12382 22669 24646 21305 31542 25391 9256 27774 20456 5594 17188 3800 32310 4377 27687 15306 5803 9246 28461 2742 32044 25864 1133 9030 2512 7777 5072 14091 11250 13803 4264 15972 17284 28828 15775 31906 9381 14311 27885 3945 31094 17469 4303 3417 30250 20692 12340
14
15527 5049 1189 17063 15550 16087 353 20848 943 2395 22540 28166 613 27927
13
32716 9417 31618 29498 29078 31338 30434 5259 14993 25328 5165 21598 24386
53
26062 6506 16126 17589 26924 20515 32406 26599 12778 22060 26102 30357 9143 25218 27130 1211 27372 30512 12109 25578 5159 10855 32557 21752 18229 1489 31086 502 10550 28707 10178 21602 10747 21746 22071 31646 16563 32455 21761 14241 23495 22389 1914 15341 2050 682 25703 16064 4853 1733 19325 2191 11418
37
6064 19511 22861 31098 11351 23685 10461 18331 20675 29458 18686 28192 12729 5860 15533 23525 23346 23135 27086 18448 11601 19561 21951 19534 7575 1227 4147 29792 6234 20442 16446 26327 5747 15704 1964 2843 15160
8
16269 5528 23427 29704 25686 15303 31384 29739
68
24222 27877 27070 30745 2694 30255 30740 23219 5407 11632 621 2967 29160 11004 10075 14430 15395 28890 9557 6128 14378 14026 1711 13989 32518 14214 18889 19882 2110 25417 22918 10663 1517 7054 27135 25758 18199 23578 3449 30487 5181 30012 5525 25722 14895 15188 5319 1724 14114 20370 5129 15677 15874 26112 20689 753 1034 11459 5952 12223 3217 14494 3228 26918 26407 6839 32256 1574
33
1874 27230 496 6027 9846 7282 23672 22503 3777 7087 6560 17934 20657 14578 32742 9044 10715 30405 5558 29254 4388 13516 12090 7474 21300 10848 3699 26089 21288 29817 18825 707 17287
44
3300 27512 12358 619 9150 19506 29312 4549 27095 15027 3285 6269 16076 16821 8809 9010 23191 24542 922 7136 11789 30263 12955 19450 11434 31455 7006 17593 25489 17409 696 8627 463 32515 28864 22959 13792 10240 6776 4536 1140 5497 3759 9840
96
10789 24487 27710 4052 5873 556 31800 25227 23328 13283 21125 27277 15007 26136 9233 11942 28763 14867 22228 24447 678 5101 6485 8469 14045 20386 4973 2153 26695 19558 5198 8570 17985 16957 25027 4464 15768 5574 3258 10522 4407 7767 28415 31642 26114 4687 13898 19807 17921 3496 8316 28500 24257 26316 19750 23127 32503 17834 18507 7917 5991 12552 12903 32052 17156 1563 10671 14617 6745 3669 22683 32458 22055 10110 19874 27503 1360 12806 68 3605 23027 14746 10062 29930 20953 3061 17498 6832 15888 12793 2197 18540 28117 32510 30405 16222
65
26250 16182 9210 10113 19683 15493 16186 12159 28149 23410 21584 12772 23560 686 5754 7952 26579 6826 31926 16655 26105 19719 21358 5814 28115 22606 4442 25839 30064 19425 29603 29265 28378 16433 9540 8436 19099 24370 30134 23171 896 20748 25292 658 6045 24852 31196 25394 4753 28410 21535 18371 3340 67 12890 14858 17806 1530 31678 5508 13937 10915 9229 25849 19753
52
15955 9931 1977 14052 4273 30156 13733 5258 6328 29963 813 5729 28457 3090 25667 8413 26041 2201 26446 25116 9757 4428 27866 31433 18276 13775 1934 11840 19849 16382 6238 24051 18249 10873 31490 21516 32306 24672 22182 8532 27901 10843 26339 4691 28701 27870 20718 32697 25752 7083 22799 32252
75
3157 12355 13623 25490 12937 17027 15146 14818 7264 20199 1916 4783 8692 12918 4909 4804 25973 5360 31753 24980 11804 10232 22325 379 28513 24952 4617 32071 20590 13634 21789 3831 18387 4595 7591 9155 8059 9501 260 24924 29919 10917 20116 4212 2425 19305 971 4225 30588 20262 18053 14526 7874 9626 22938 19059 24070 2789 16307 22647 27731 19253 92 18419 26300 27042 17242 20072 26190 11863 13886 4340 12867 24563 28730
22
4737 31270 13798 11211 2848 13512 201 8712 19960 31953 29496 30302 11343 13572 8506 30662 22536 11078 13937 9070 6505 1874
75
4642 4525 18837 2419 12683 26333 20486 867 15918 27350 31419 17062 6277 4277 29358 1368 6917 19120 7309 11143 15195 13901 25625 25852 20725 22739 22220 29015 9412 32766 20926 9826 11840 6903 18121 12447 8621 8067 23787 16931 13213 20347 28653 9127 13751 29308 13122 23517 28854 22495 31794 24832 24501 13548 30520 2223 12457 13130 19624 10747 11823 17338 30868 9663 30344 2310 23025 18736 9185 28467 15606 16052 18904 17150 25797
86
23943 22605 1084 21269 14407 30319 2546 24549 32071 5471 21128 18477 26516 12622 8578 22834 2030 28230 18379 10496 16832 29013 10317 22704 5205 21741 27327 19431 1096 15499 20670 31135 14652 19351 24864 14890 9166 907 23941 13939 16328 19800 13870 23688 18071 12806 28691 32085 26112 1690 12591 30642 20238 3900 26399 5281 12623 23961 15339 30928 30272 28295 19748 20326 20741 19175 22831 4604 30301 12240 22240 4584 4310 490 11083 9922 17725 4119 29142 9761 23385 26969 2707 2214 24281 18928
73
19594 25538 11233 925 8141 1536 29775 4889 21577 26631 22289 14995 12253 7044 13612 21708 26840 27100 11652 21476 31853 8395 18164 4893 18785 4683 158 30179 17159 19383 15488 30729 20590 18480 14409 4950 11225 8768 2154 7744 22127 2237 18799 2039 29748 31472 31632 5541 9272 4087 15491 1268 10511 19816 21397 14290 30080 20791 17401 19825 29057 21210 22880 19601 2916 16298 25290 17153 26955 30349 3995 32355 20193
42
16945 2892 5724 28981 7933 861 21251 23536 20221 11274 4919 16352 15302 2335 18918 2380 4440 1072 12704 25236 603 12242 21242 12556 8616 19211 18992 21514 29963 6406 4110 23102 9543 24843 18960 8514 28507 10927 26056 4978 15108 2632
35
31363 4516 29729 2366 14240 14587 20051 17733 29167 21537 24294 11448 12882 26624 30833 25569 30655 29766 26168 27135 24900 1371 1619 23264 14664 8854 20237 28338 17939 27824 17291 11287 913 121 7086
41
29129 9017 12954 10198 29370 5175 25462 27656 31508 28823 4421 12296 1033 7962 20699 6701 11299 20335 12599 25419 22394 27036 32088 24881 8234 3231 20562 6774 11012 24661 12192 18294 13444 16028 8124 25751 27139 30644 26349 14801 25390
37
31597 20407 17530 4475 26636 11595 15786 31598 2028 6595 25659 21259 29031 5534 11269 7383 14012 19119 13792 23393 24850 11027 17090 17874 7354 31846 25127 19654 31413 9014 24502 24922 27510 17080 13345 12934 22248
44
21678 30131 7641 16819 1907 20412 25076 774 3535 1002 31969 25621 19553 15664 9054 26100 8709 30920 20554 86 11944 444 25109 6462 31835 17835 11381 8151 16037 26314 21082 20127 7198 12073 31781 22731 13881 18744 15892 1768 25442 24969 17153 1726
18
3917 29305 30077 21832 28695 21259 10812 5615 27313 8652 9610 917 16468 3427 17536 3001 23058 1514
86
12557 21581 32517 7907 1767 16627 8631 25376 633 3489 13504 6416 1224 18075 17761 17090 18996 12044 24874 29269 11251 19623 783 21179 5566 22159 22206 11709 970 2932 17968 4927 7418 13055 1406 1478 15699 20081 4343 20535 1200 15495 20847 26850 15799 21664 23257 1470 12555 15649 31001 17910 14531 281 32531 5285 10268 10529 3080 10462 23402 23431 15138 18160 1109 18347 29005 9960 1601 24744 15689 9303 30478 11063 32253 6997 6146 8913 17167 5829 23299 31252 7089 13275 18442 14952
81
22228 1762 32517 19749 4315 1641 17125 22639 3972 14615 28186 8017 10906 15585 30422 3846 27387 17787 5907 14961 5521 19318 20264 8798 25220 13996 30363 21259 13486 2013 20279 31463 25936 17818 20062 24217 30723 12386 4256 20036 19185 524 11148 10 5956 15460 20933 29647 21983 19225 32089 17471 23628 31959 5199 2322 17910 6064 15231 11918 32153 3264 19367 26190 31478 3857 7354 5443 2251 4540 7035 25336 9986 29009 23883 19994 23849 19577 9791 27191 4386
11
10950 13852 31035 27562 24424 26562 5609 8196 17773 17841 89
93
9008 24846 4290 7465 24347 30397 7839 1298 30753 10672 15104 649 12592 28264 4204 15816 23084 15238 18451 21518 4327 5868 29281 28136 3662 32287 24019 2735 21472 11759 20490 9554 19813 3419 21790 5717 15068 16303 6452 22298 30389 8687 83 2656 27712 14200 28787 28169 21094 18917 471 6688 32407 16432 2461 12570 25603 28953 12948 25948 4877 29900 6221 30718 19708 14782 6261 5327 32756 24792 20065 12185 16166 9431 27883 18086 2883 20723 27261 11906 32566 2750 13163 19203 13586 29520 22150 22919 30537 25505 24558 12413 4640
12
6183 22879 24576 3439 8349 13901 25217 17743 6422 20955 20784 17521
8
9392 18762 7834 31167 10690 7510 8181 1910
60
4367 19769 21837 13640 25311 3824 21483 12899 13298 10442 11368 20241 8892 26681 15352 25350 6700 30270 2605 4061 19587 14054 14956 15545 20581 16917 12702 29997 5168 22914 17447 12121 7054 3 28 15702 15174 5643 26544 28117 18264 8048 12272 8194 26440 5746 22449 20143 1210 28666 10950 22190 2111 13599 1398 31870 22639 21998 27693 29995
34
19313 30319 6517 20179 29720 4637 13506 9252 10168 24767 32655 17887 18784 16254 3956 11277 1669 9539 16836 14464 3135 21276 14949 2651 7350 25569 17631 10965 6358 32535 19378 30521 21067 13076
97
17048 31812 28197 26116 22354 29782 5998 6377 2209 32688 8146 26540 11983 30464 6292 3216 4323 25539 2446 17177 17186 29880 25555 30 20183 5780 1940 28702 1872 1271 24896 12248 12329 26527 25071 29461 22733 20444 22273 3529 4409 10819 25858 4954 23555 30887 10705 64 411 26693 18946 8654 10450 6207 28032 12367 22680 9292 28535 20309 18186 18349 17777 26702 6572 11363 25023 4952 31474 15007 5402 599 10502 31866 13194 8772 25029 27110 135 26312 20490 12516 9822 29705 24112 19960 15575 6852 4562 2266 8981 23196 21717 10607 12477 24241 20393
70
10357 14539 25480 25857 23739 15759 19899 9521 26385 26652 29349 17660 26448 9912 24073 23916 7537 22598 22219 12064 18338 524 19880 9782 9881 4794 9253 21870 7209 22184 24517 11403 6163 352 7551 28157 18206 28764 22895 10174 14442 2833 24268 13178 27905 25644 29722 498 1455 27 6049 13730 788 25807 24605 20641 19447 22208 21943 31178 28125 26418 22324 7449 19418 14263 24429 27479 12200 5878
51
28918 23210 7747 7239 9986 6894 23425 31417 6250 12983 6496 21926 23872 10658 4513 20000 26460 27376 13 30746 25846 28110 14764 25803 12660 13018 17464 11352 18560 15076 465 15021 28510 23281 17650 25515 2172 4486 24740 649 17739 16675 2290 10356 10830 29709 6044 7801 6513 3408 2320
38
2821 17813 26731 14982 15825 2762 5189 1999 6574 2383 19102 5705 1006 2754 496 18583 17021 13293 10282 32762 28774 14141 23380 615 7064 2934 5493 1757 28651 31398 20405 23541 4958 7512 24767 23739 6050 5641
8
14470 8818 28035 13509 23762 17823 6410 9027
57
8787 24411 9341 12506 18216 9729 26716 30728 10876 32170 22446 21863 26017 21170 17522 19910 14779 13051 20751 21960 30069 27864 9120 2020 25330 5417 25487 31663 20999 14535 13669 8798 4775 15650 10464 19590 29598 13352 19783 15655 6530 10089 24570 28137 16871 7801 18765 26789 18131 25750 23446 23079 30322 20875 2181 16947 4874
97
25797 3888 27139 29055 24733 23101 20835 21782 3835 20732 16346 2256 4264 9893 6932 7619 11317 23055 11997 6033 24967 2849 31951 3460 22164 17546 12078 25054 359 3505 13072 874 13162 22767 15809 27991 27108 8701 16741 22854 1985 20648 5343 22434 23698 13260 21234 16944 7380 10367 13478 15591 12149 16781 27374 14593 29844 805 15239 11858 27017 1745 25891 32473 20005 7083 3783 14485 12090 14031 18034 10649 31326 18444 21247 31331 32493 18143 23884 17002 77 2977 13468 19190 15734 18687 12858 29748 4529 14763 96 28810 4767 22097 18518 18984 20350
75
26336 5544 2459 11728 32311 24156 28814 28162 13756 18881 2501 23658 22424 19240 17884 1927 22375 27282 9311 27132 6470 16242 21380 23423 12077 2228 30745 2289 128 1533 12731 14286 4064 30261 12105 22728 21319 24387 26520 11695 21076 791 19048 1684 32483 9710 32151 23086 31713 2513 31381 15741 18015 17247 8216 32428 29924 19405 3089 26428 264 29739 20958 26975 20286 7657 24769 15522 26866 23705 11921 11727 7380 25846 31407
48
27942 15676 11610 22029 25148 5769 27650 23973 5889 21199 28593 20567 20468 22049 14207 28393 20623 1182 19289 17570 19916 31467 25254 17247 27112 10977 24106 26083 7527 12418 6443 19567 12632 29490 21971 1938 11994 26404 18646 1347 26591 786 2133 21549 32048 15921 25089 12618
59
23683 5043 15079 32431 26652 10935 20151 9711 648 554 20081 9673 21033 16639 14093 29153 31841 13850 7860 32588 15168 10079 6018 11335 30303 5903 12170 20521 25355 29524 12826 1942 28582 25626 3649 4342 32331 11041 1679 19749 12977 19024 3612 14444 22354 25677 30411 28593 7628 2890 21712 5610 16007 29218 15216 11736 15256 13220 14088
10
9262 10321 17566 11146 24959 25826 31398 27260 5318 16631
25
6910 26224 27220 17135 1918 7453 1802 2779 13516 26680 1511 25076 22451 7475 19243 11720 18581 22453 21873 15831 30466 28383 28130 2807 15240
66
1527 31693 24951 18854 14723 21724 21878 24935 17223 16317 2696 13908 26712 25672 25588 20009 18639 3642 14931 11178 30391 30857 18838 5266 29737 25333 16458 29644 23733 9696 21531 11237 15876 14431 32663 28098 25532 23697 19765 26510 6820 26160 21398 24567 12041 20325 18186 4506 10848 4065 17494 23227 5164 27177 14517 5434 14882 9009 2844 10946 17291 22573 27330 14660 5099 26276
67
16608 6854 13237 27314 8012 6143 16590 19035 11190 12236 1156 5921 20974 6862 8390 18376 22512 18461 17689 5970 28683 14046 29148 19246 13891 3608 209 10669 7411 26307 5849 13493 3255 31778 25343 31929 15240 13907 20152 8168 32553 17189 873 18853 7875 12585 26922 17976 26572 16652 714 32451 2604 24867 19219 29047 32675 1864 30543 31239 613 23781 17163 32349 22280 29006 10522
81
26196 11741 28423 7721 19223 7874 14352 1061 6427 27403 3443 15749 1950 31185 21363 4301 10537 8520 7685 15988 1894 9028 19260 393 12593 21244 8709 925 28401 18446 18708 18396 4393 17092 10782 20861 3402 9622 5449 2397 23756 10224 14561 9958 21116 9781 16716 8246 23064 13059 13632 25981 22041 19897 25139 27559 4048 25142 27923 19004 28084 30180 23352 28804 25595 9718 10135 13806 21351 23277 14392 18866 19043 21857 18410 17846 23630 30718 6197 26799 791
83
15240 16138 13236 10196 9735 26857 16449 4337 13998 27199 23715 11231 8671 20465 9209 8664 15428 27414 30160 7109 29806 29704 23782 7670 4028 25531 21300 19477 11903 30542 1836 10589 23387 4576 1600 10503 10737 28837 28835 8965 10426 25913 6739 243 10806 2612 15703 14155 10567 9726 8517 24280 19671 12261 23560 621 20161 11116 4064 29910 18927 19942 19114 17167 13248 8772 27234 5812 1196 7980 10982 7353 21546 25419 16637 17499 27601 3051 9879 27222 5566 22984 31831
14
6175 9294 8375 8333 31241 31242 20063 10055 25095 19407 16654 1916 18398 31012
88
12453 23185 23412 16581 27932 22184 1023 23800 4671 18498 8547 28275 24603 6667 13104 30676 2785 15169 2108 30440 6713 20920 14488 18127 21208 19746 31682 27994 24149 16269 12060 22456 9528 7981 8349 19026 3925 21852 29127 2035 7768 16095 9945 29740 5792 363 13893 13559 10833 23143 11364 6042 23204 19188 14185 15566 898 17707 12180 20513 17746 16037 28584 20121 16655 19521 4510 8346 23197 11041 25499 2825 30045 23286 10528 15282 24319 11646 31872 29927 23703 28491 25752 7274 3571 3525 29370 12686
