94
70
25362 28915 22851 26286 14024 15127 30532 12960 3918 29106 13107 32472 19675 27561 25004 397 28829 31241 20956 17996 11445 18426 32157 11666 13700 30446 1250 2714 14373 19230 30806 21364 6714 31799 14144 5975 26348 32336 25770 12088 3373 22304 14274 23707 21312 21358 11136 19114 9084 12488 20873 9604 5709 3960 19540 15319 23931 16564 13451 24241 29871 17685 28084 29587 15155 3915 11792 27848 23289 24334
10
9824 14510 5137 27504 1900 28960 20286 9893 16604 28647
60
16253 5865 28268 10236 28336 25943 29258 17704 14876 17038 9084 16722 22432 28731 21255 10043 28043 26563 4047 6403 26896 9954 20655 8684 6388 12178 1225 21858 24714 16174 32283 24376 5857 215 27220 26933 26172 16151 19941 31183 16322 22724 13658 12342 14199 32039 4331 404 23659 29534 28238 23443 24882 28927 1232 20513 10387 17406 18340 11888
44
29307 11584 25943 15825 17493 2656 20270 4324 23702 17266 31668 27737 28252 19440 10767 1555 15888 25708 12048 23530 7483 30492 28589 5198 22683 7573 24498 21037 19575 13271 22707 23 4911 7306 23877 22177 535 6791 7278 8711 26757 25498 18777 2837
11
6990 26439 26013 20042 2530 21551 9277 29859 6507 8727 14393
40
20968 19433 23455 2302 10826 19808 1438 5396 10253 11587 7345 25827 19912 32732 20430 26649 5823 13418 28163 6942 4362 22203 29111 30025 25332 3837 20786 1875 16290 21458 14432 24076 3829 674 4049 32076 19632 21045 29957 1837
54
2023 25463 878 29888 12695 31580 17697 15046 18540 23910 1958 9362 13626 23981 25347 27939 32208 1613 9782 8077 22725 27671 10524 12619 11893 15239 30099 5847 11078 4598 3035 1656 18224 30481 17987 23899 26236 2698 8193 23270 30667 14862 25441 9801 13147 4982 802 21078 24454 1857 8988 21394 16011 12098
25
2449 28054 18233 21613 7401 30681 31694 23505 14740 8857 11661 5077 5 267 1320 7025 2087 11517 20612 30473 15010 19212 17946 22078 20315
22
27658 5433 17652 6108 3340 26415 24929 30699 2080 29303 24381 24445 27955 12827 3320 25749 13910 17338 11848 9822 1808 31113
63
30201 19864 7384 690 5252 6743 1719 30975 10525 15448 11924 20485 20340 342 2256 20976 29464 2167 21130 14258 22599 30670 276 10915 9989 11044 17831 2410 11371 16376 31061 29729 17986 8900 1344 25524 11472 386 6922 20618 3826 18287 20876 11368 13419 1551 31179 13202 6780 28529 16423 22835 16053 17844 28118 21246 3082 25546 24209 2070 7721 17276 32397
26
13952 18652 22348 26148 11029 26629 11618 19061 18093 18142 23086 19783 29393 13282 4372 14336 26785 957 5083 17884 13500 5543 30130 27359 12896 29169
13
16851 14045 2336 23006 15873 18355 7357 18925 30054 29201 30266 21744 10798
8
18236 30360 22860 15751 4029 28821 2831 31310
33
302 25442 29226 18393 6694 23780 3244 26236 27139 1850 26658 19439 15466 18693 13307 32758 30685 13651 9051 25655 17979 8727 31165 7756 9862 726 19165 26647 19433 23458 29141 14933 28154
9
1398 28220 5078 16441 27821 30440 31783 18566 14147
41
6518 27696 7989 13625 5092 19436 17706 23838 4905 7299 20089 7483 22264 31720 2581 20035 17542 11403 6784 2888 17134 4141 21830 9005 14037 17651 15306 15967 24905 6330 28996 3264 9711 18091 21003 4068 31838 13071 4112 21888 4294
28
13855 22485 24752 18331 27671 6619 2581 11080 5820 14636 28070 24138 32211 14278 14713 31279 10570 16435 26365 26489 8486 13745 6798 3815 27068 3985 8519 12278
96
280 166 23275 17725 20248 31361 29448 22555 16412 30938 6417 17158 10120 3155 15023 7764 22629 10146 31824 18188 7348 2452 2843 14595 14082 2129 19241 21572 8765 8675 13810 4533 966 30194 32005 27384 967 3281 17661 31120 32711 4031 3248 4421 19324 22118 5289 22985 29664 28072 23257 11163 14471 31643 32393 13356 12079 9426 8339 9537 17817 22239 5074 29592 5527 7189 29143 26830 16231 23699 26589 3200 15935 12414 20479 10417 27433 10125 27305 28011 8721 10699 19533 30633 15644 21912 21335 16245 23100 32497 14946 12622 7938 13298 6828 30412
26
29383 12935 18077 15309 1426 13108 13483 20383 9576 25105 7224 24271 16279 28804 15649 28050 15380 2302 12574 9106 1389 1830 21330 25911 19710 31540
62
24424 31898 2881 3334 7487 4074 25107 28809 27651 9204 24628 5546 13138 27182 30800 20277 14939 3674 25399 32389 31126 4450 7987 26002 13491 19335 31128 23083 28880 22970 22172 15999 6894 31306 11113 25314 29350 7360 24177 13518 3352 10504 514 24360 1061 16849 7450 16325 9694 1589 30332 22061 14395 5789 5635 3999 9489 24799 28727 5205 8766 30634
17
10790 31012 21333 32695 22628 18641 3166 13989 32441 8375 7996 15521 1608 15808 11325 27529 28934
75
8721 3948 29302 10295 2497 15983 12152 7766 32317 16817 21451 13901 31177 3577 5744 19242 11020 6113 22501 16515 6164 31438 32074 267 29339 3109 1732 19298 393 11964 25887 16690 17338 31375 21175 27767 12288 3253 13208 12062 13932 5010 16612 20690 26313 27469 885 7955 24682 24196 25028 21384 28454 24383 17673 13462 31136 19491 6564 9265 9420 5609 11964 4338 20654 22798 14630 32106 21093 16331 32136 4535 3945 16455 26046
58
2828 1404 7990 20312 15799 21045 8724 17888 11764 4668 2822 32311 24746 18218 25681 27738 371 6015 32385 4727 28239 31628 31161 13559 11161 12688 31048 4028 21562 15649 13692 28839 23068 30157 24507 23390 10978 26882 3279 6732 3286 4907 6530 24809 18466 13340 15723 25403 28740 17072 16391 1693 25020 17328 1036 4031 18439 2039
12
25696 10887 11583 31995 16334 29743 26548 1437 808 675 25102 6055
76
21878 12147 25299 10396 3002 2145 5656 16609 26600 21275 11611 21759 23836 8478 29628 17635 18326 10614 8353 5293 23567 19144 25003 7881 8525 28310 16617 12635 10230 12735 15179 6881 29858 30277 7001 27156 20531 16979 27684 25870 29289 4223 6269 31666 15025 30028 2662 14665 27454 15859 24262 31081 6747 27747 353 25627 19968 13446 17670 30012 30115 24262 19466 4900 13904 13264 21750 30854 15612 21911 16253 30103 2839 10652 23985 19571
53
25974 11452 11517 9836 5686 4740 23243 10706 26326 3181 13555 8692 20457 11534 20158 13252 1572 11161 17066 3994 14610 30651 1725 17461 10761 17604 23321 17149 12125 20488 1745 31114 30675 26245 22267 9322 8793 28102 5126 16159 32244 29703 24910 13672 1529 2969 15086 14786 28288 30088 1493 25901 21782
48
1075 27058 14557 20376 13607 9195 25402 1195 15275 22631 16876 30559 11636 17047 27894 16565 23634 22177 2864 8762 8554 28574 6053 17884 28102 11782 5689 12284 17425 6760 31631 6084 32667 24671 19497 6587 3236 13761 14033 30870 30166 16921 11832 24658 27411 6744 17886 24447
62
22065 2783 19587 31040 11257 32559 16603 4510 18163 13637 28620 24178 27580 23643 5237 5112 3313 11947 2554 17225 20373 29756 4885 5073 11955 10235 15054 12548 580 29453 12934 16461 27986 29284 20794 29511 30558 31376 6150 2608 21760 19928 24552 23195 9165 30858 5319 11876 7549 18319 8628 3817 1614 3394 29295 20599 23203 10371 11821 29187 32753 518
56
31963 29681 32280 4636 31900 20391 19537 11428 8614 30174 16365 11338 27528 13560 18075 32141 13333 24976 31831 16139 1987 23891 26349 7924 23889 17 2744 11453 28845 5907 15536 29465 17684 28336 21924 28197 4731 6683 10947 12770 8750 28031 28513 21737 24247 24142 25592 29530 6913 15830 30317 24086 21693 533 14229 18990
79
18936 5275 23103 16604 11733 28207 6725 1479 3686 971 25539 31125 29796 30419 24544 14562 462 14815 27936 17715 6887 9651 12424 24968 8318 23154 16900 7472 8049 16654 30727 225 6516 16643 5745 4616 19215 32325 25781 8286 4838 13174 28475 4540 24125 31837 30723 8240 16059 9364 23180 15952 3438 20096 26356 5582 16144 1670 30816 21581 19849 5756 19102 14963 23220 11614 21257 8512 28774 12099 8365 27038 429 16783 1964 2617 4437 26473 7137
82
17008 16066 8781 20888 19369 17547 26577 19117 6332 29849 20756 25827 353 26899 27564 9025 14613 4560 2347 28131 12561 24181 20654 11586 22140 21470 3763 10933 224 4288 14123 23095 9435 1420 19921 29034 7959 25494 10425 28636 11131 1910 16684 31881 23715 25262 1715 15522 10126 10382 26738 1933 22423 16981 2231 7213 32423 20121 20179 15203 13736 12265 19241 19413 16701 28336 8580 27374 28336 29276 28078 3878 15660 21952 22078 8067 10028 23223 16817 9311 8243 16651
8
6846 1173 2273 2295 10870 18085 32321 18537
93
17329 3603 28926 3575 527 12331 1117 13095 4055 15633 12341 22591 17905 19671 994 2166 5837 3073 11883 22798 7090 25481 5740 29052 3155 25127 11859 24265 21668 19151 22735 13880 15595 27770 29062 19241 22554 10025 19975 31805 11356 16935 19199 23483 18926 30607 14767 14131 17456 22799 16797 16993 16636 29163 2698 26963 4662 19013 17061 3534 3492 12187 21758 13295 5888 26257 25661 25102 4172 10737 23956 14311 9318 6896 14322 252 8156 1715 13178 17973 19457 9489 11571 8906 65 13467 23297 24674 23985 6105 980 7805 26858
16
2319 30232 12256 20108 25197 6990 1674 26862 25709 7453 30707 1398 15561 2404 21833 43
18
15760 10388 29714 3113 13215 4023 24305 30189 21868 29256 12188 10782 6282 4890 29409 16986 12272 6617
30
32508 18939 5143 32680 15800 9716 22508 19502 12891 21161 26155 18320 9235 20264 1025 7006 27393 21654 328 9746 16773 29288 13299 6376 15037 15063 17069 10223 584 5005
16
24376 20796 32196 7780 11 11758 4979 7754 28864 28897 22690 15585 459 20874 27781 3040
50
19383 17049 31937 16722 27701 19641 26324 2049 11950 20984 16468 20993 5739 28109 1780 30219 28620 2408 21549 26756 23354 2780 24534 950 1116 32643 4340 9569 22926 17822 4307 17778 22415 31037 5206 27154 15737 10335 20363 7394 15607 4697 18306 17797 31410 30332 30304 3424 29452 13810
32
5905 19689 8952 24694 13738 26356 29332 6832 1300 4781 25791 6757 24721 22688 20718 17927 3678 14692 31587 16034 8676 22283 10494 29793 20018 19901 9558 25684 15531 32671 28424 25456
28
32335 6872 23378 18841 22997 6491 17865 3186 28105 7741 29223 24201 22834 314 31434 19474 9603 23496 12767 17109 7279 22429 17877 29911 12286 18033 2577 20023
10
14308 598 3843 31588 15290 29754 96 5224 25236 32309
10
31672 23745 22473 15282 17062 16559 19731 5852 9551 19585
42
14978 276 30337 13118 31911 23938 4065 5474 7343 13894 13883 32418 331 1953 9180 29410 18012 18237 23513 31929 20651 30993 31581 2423 18907 2948 13629 18023 6300 16085 11218 25425 10529 7098 7431 24131 6611 15687 5297 15505 8263 29202
8
9474 7282 18398 30867 21748 7683 27434 490
52
6908 9469 20207 24806 1161 12857 12238 29139 20327 4081 13809 29385 16042 26358 20663 6202 27982 32104 10382 14443 10709 13259 30650 20772 13616 22621 24659 5548 26851 17575 25485 6389 2149 31059 24125 26643 16837 11325 11928 10482 8595 31949 26429 4425 32254 17027 13174 18890 7482 10707 20666 4508
63
16759 13834 21033 26740 7439 12925 19300 23630 8480 3239 31238 18494 26633 16642 17915 7316 26794 21369 10699 5832 9067 22628 26558 12813 8319 2490 6723 1576 9066 15490 9106 2179 14272 19083 16529 25469 31536 17501 17140 22533 18626 32623 13993 23911 10589 21659 30323 29541 11660 8910 29653 23178 5249 27140 13873 9915 25691 4724 21809 24591 22436 13319 29286
75
29199 30255 2083 24255 16182 5085 2804 250 7604 22804 2165 21312 12230 19572 25817 199 11355 24441 18620 22666 3088 14240 21942 32657 606 4812 2351 6258 5906 19175 16757 1048 29694 15564 6411 8131 15087 5733 3141 9296 30687 20496 7441 2747 875 21832 26904 6626 27015 8321 26118 395 10352 20051 14373 9897 23522 27611 22321 1243 10380 1119 30056 18742 31681 12848 23776 2628 29552 14037 14109 16716 598 24165 29411
67
12853 15433 25701 14265 16051 15119 5518 19724 28818 2865 16939 1383 19752 9148 12264 20315 2580 8161 6400 6334 18467 7752 24139 18593 30069 10919 6775 5506 6875 26002 31381 3011 6276 24213 32728 22619 5593 21632 3738 11212 10405 20482 28320 18773 30585 19577 8351 5736 23375 25353 11519 15966 17517 11243 20446 15978 26252 18952 9816 28107 28730 21703 16646 22086 20861 5155 16324
82
17152 23224 6808 5331 19391 31888 22035 32663 13072 21002 11419 2903 9479 29370 17417 16597 22643 1800 31923 12900 15467 3960 11162 7497 9257 12590 17636 14951 25884 11185 2700 540 6968 23535 4952 26470 1937 28801 15883 20042 15656 13105 25820 16758 4100 3001 25896 11045 31365 8142 20324 5443 27894 13405 21333 13521 15201 13333 15491 17548 7591 32549 4843 29385 30159 26695 13300 26276 20639 765 30628 8281 21609 10010 13844 14578 4648 19845 16673 17699 27852 10810
51
2769 10129 19814 7578 1558 9923 17932 30002 19949 10666 23385 21386 28526 18888 15956 27862 14354 8331 23878 1678 26237 1231 15145 16660 23962 16805 23390 9368 3565 10835 5534 30009 2341 12188 26163 4716 29681 23105 3688 26018 18965 20167 6462 9253 10429 15995 6240 26691 4881 27060 11609
10
20511 5435 4425 23149 10444 23360 23133 3080 21168 29102
21
20497 26375 5316 7198 23306 19272 12219 28238 3201 2833 3864 8788 28506 1541 21245 23193 21482 25716 30354 2426 30639
72
12616 21822 29916 6833 26003 12412 27396 20435 29096 13073 29448 31673 18520 11546 25315 2443 8443 19998 27468 26927 26037 27204 6178 7704 22264 8131 12301 12382 2122 28825 14179 13332 6729 9344 6728 23254 21996 1822 16922 17313 3339 22140 6668 31975 25634 30137 18192 27875 26962 14336 5883 5163 7336 22455 27363 24196 19874 28153 8396 30201 29167 32327 16516 19503 22903 27258 28620 19955 25499 25340 29112 29973
57
13657 11385 21252 10831 14233 14955 17753 28685 15461 9523 10166 13851 8978 17897 18847 15734 23033 32139 17393 18463 13669 16461 9946 7957 11696 27440 18729 13440 18600 6102 7368 13871 12855 25237 11398 9284 18500 22218 10010 16430 7636 30064 7013 26584 14709 2545 18936 12576 4828 16699 12246 22923 5069 14103 11899 24119 8251
18
20497 27057 25485 3889 14407 4592 15204 15409 8449 24794 10921 29853 5708 4494 8713 16448 13142 31445
87
4065 5821 32562 6952 8690 11651 23348 4193 26569 10166 21677 2559 28182 19354 5090 24066 1642 27083 5901 396 16876 15650 8879 2024 1101 476 3111 4812 17150 2041 4740 6107 17568 17635 14744 8046 29884 10320 23373 24724 8116 14441 25405 24152 11001 14636 26748 27202 7551 25359 6584 12320 3182 27878 12165 12037 16411 27910 22770 17299 9526 21931 22112 10102 24133 4247 13972 2609 2384 32252 27146 10013 3550 23196 8332 31918 1825 20783 9476 2297 7790 15109 11151 12147 27120 21484 17874
33
25940 29073 14108 19559 11441 30077 16268 4023 289 78 23800 31512 31823 15890 24579 24113 10903 22469 9100 26358 1643 4385 815 19999 17141 30903 6927 10200 10749 24127 13523 11450 4366
86
3834 10708 14725 8997 12256 12745 25839 19787 18811 17681 4622 31566 24724 22689 6158 17783 4832 8103 30844 5613 5497 24614 29019 17020 30607 31457 30068 29588 32091 10875 32493 31893 10069 15836 28701 2377 14759 20951 30367 17586 22497 19977 9381 23815 2286 10500 13455 2297 14151 14253 10941 29242 358 3042 18849 10560 28286 9824 3096 1607 23401 32740 6650 7061 13282 11665 27375 7425 19444 9362 2949 24758 28082 24832 14464 23861 28457 29702 17522 18585 25747 15683 31627 15647 17102 21359
62
1548 24642 9939 32498 12491 29585 19835 6007 14088 4539 32675 32084 10671 323 15818 29406 13911 7102 5191 18400 20268 9712 8924 4832 3884 29490 17038 4003 11927 22550 15796 18163 7072 12366 20047 25503 2921 31690 22169 22724 5934 22305 2017 15691 14785 21298 27541 179 16694 28683 673 23824 2271 16138 28407 10836 3963 28737 23407 30414 15786 20255
45
28836 29261 3889 11861 7467 8919 13948 31747 7870 16012 24912 25581 1808 6567 14095 17340 440 9135 21046 20686 8234 21403 3051 1407 8678 7994 9686 29608 3311 466 17970 8294 10879 22024 31268 19741 15353 1791 12875 20924 31775 23748 28056 27714 16517
19
10625 20293 20593 21935 19233 15605 3053 8416 20201 26326 16099 1386 31546 23886 19831 22269 5340 21145 24388
69
25019 23180 21295 24183 16825 6801 4706 17746 14600 25922 943 21386 25926 25626 25524 26642 11048 9286 6397 25880 25268 25094 25044 30347 5040 9045 5210 8667 22106 26060 9431 768 11353 25540 26191 23229 26100 13499 14678 21030 26498 19705 7460 5984 25377 8306 22252 14248 23211 27887 9066 23190 32230 28521 9916 17059 14587 2229 3698 14058 1834 5479 6632 14891 23995 31984 31956 13077 17208
84
27077 26329 28245 1257 32394 19520 6977 3584 15851 24422 18992 13136 30187 1238 8661 17352 12427 31257 5855 6509 30609 6769 28124 9129 1416 23498 5207 27621 2056 6125 5444 18522 22327 30199 11423 12579 18064 2057 15951 27543 29411 28994 13392 32727 12701 10218 2065 11427 1354 10224 31515 19826 15192 10647 17140 26305 5918 12396 11331 19627 11805 1659 31028 6074 22917 30658 32542 23549 24827 25062 18276 22106 17049 27685 14233 1062 15414 31628 1255 22771 31208 14186 30385 1705
31
15479 3033 5365 2442 23290 31821 11740 5450 29857 14308 9142 29476 28956 925 29521 2366 18503 14577 3348 20473 29777 32614 30782 30755 20253 17505 15214 16750 24296 25915 11880
18
16280 6422 14605 19141 7156 17357 11970 26707 9855 23762 4868 8671 27179 22301 4473 9921 515 9820
50
29886 31803 31255 29052 28308 27363 739 7434 19792 4288 6228 24541 12967 12680 13531 14828 4296 24697 8524 2321 25908 8162 9801 17584 5584 6628 29182 7322 9272 22138 1552 32561 11095 4791 16847 19148 23349 7503 23731 11869 26383 23641 25862 32081 6573 24659 5854 31415 1008 10343
12
31147 31724 8157 8407 20659 32048 1591 14234 5690 22901 3107 29160
62
29621 3541 4587 23483 21445 9258 7841 27834 2208 9807 11603 7040 7420 29550 25237 29727 16178 18645 28043 29691 5799 4508 10494 30344 3467 22920 21166 24405 25287 26416 19690 9546 6192 16734 7775 9006 4353 9144 9262 20843 29832 9888 10817 19734 10527 7768 24030 20522 31582 30058 20092 32532 17807 1607 28886 12149 11106 14382 22591 3107 15843 25423
28
7080 16433 4152 25776 24911 26193 27613 19957 32296 7692 20766 21277 16686 2494 27380 32015 12860 27180 11816 2113 2941 543 15973 1406 26405 23890 10643 30694
95
28000 5174 20101 14612 31519 1353 13719 14651 11734 23007 24294 90 26258 32670 3857 22504 17150 28502 9778 32738 8756 28297 27481 7277 27603 2603 11322 9917 19794 11942 1314 25909 24980 289 25904 11984 30396 24066 8897 32191 26178 8369 13356 5460 13127 6303 24752 16158 25381 20360 32170 25430 17483 1269 3083 121 5960 772 18954 17975 20005 12395 3350 22412 22008 955 30735 30765 7862 15330 25013 10533 21833 500 32609 30912 994 22571 10227 2472 3217 31276 17163 5454 12819 4747 14460 28043 8939 27026 29693 16776 15028 28990 20770
12
21131 907 16370 4790 24561 20316 17589 32530 4399 9708 6759 10510
23
5581 17513 32714 25789 27283 3380 21077 24466 14059 13540 27484 16764 29303 9638 22822 14638 17513 4082 22553 26637 1257 30307 32568
14
11206 5610 28983 15889 30577 30461 4869 21975 21462 9450 13608 3053 31575 29531
14
14172 27114 11757 1741 9635 17452 20770 9087 26584 13038 27131 6616 29030 17086
11
26508 2990 3753 31621 18355 3668 20132 20492 18431 25109 27316
51
6308 3409 4020 22651 31429 6329 82 21845 599 18662 22373 25743 13713 12734 9608 12134 18316 28043 16687 653 8705 4010 16013 30333 15445 12167 7861 29197 25554 8137 31231 15170 22840 9673 10669 2664 26484 17737 13518 21345 22447 29795 1123 14654 26250 19391 8897 24588 7848 1801 2614
87
27042 18159 25719 32518 23446 28697 26407 2730 21199 15431 27738 16415 23688 13588 844 11647 23300 19977 17010 31804 19327 25281 23821 98 10341 24650 14080 19740 15298 7631 27358 29306 30201 10356 30280 18545 7354 1666 118 27428 26158 13764 28435 19553 21620 26929 15694 32367 25937 18890 18734 7175 27171 16070 2853 29088 7191 237 27625 19440 16540 32066 11391 4015 29208 19172 5272 32414 24793 14390 23329 19912 8270 13118 32022 28935 21623 4427 30359 16331 21402 31195 4669 22295 4152 30907 17070
90
31600 14959 2090 28289 15830 13818 5012 32613 27143 11281 31635 14812 28542 22609 12062 11159 21885 21514 5401 18296 3243 12622 2843 31046 1026 19528 16756 8612 1256 18127 6255 3652 6812 25147 25300 16984 2260 11128 12721 9033 5541 11609 3418 23980 10914 7470 16303 5746 4424 13720 5021 15454 20122 13212 11752 3517 25096 10743 25383 9809 27541 7857 12048 10638 32057 9973 12533 23817 7044 29984 20879 18221 12677 3352 30203 9775 31722 4831 25602 21317 12136 26472 15261 26131 24158 1961 10680 11366 25013 25073
20
20667 11905 11534 9659 27366 10565 12856 16925 28006 2320 4656 1122 24394 27528 7066 18931 3174 259 16894 27273
42
22974 21578 12699 3388 20556 13109 15459 10382 13465 10175 11687 20052 9169 20670 1531 9634 28229 11399 15472 13079 2217 5459 22886 22626 7551 23784 13218 27909 21203 19317 929 21593 6185 1469 16683 13523 4276 7799 32555 13445 28104 22261
24
7608 8449 23225 6283 15635 6319 16562 5330 32228 29830 5258 7282 12748 31671 3199 10562 21912 14570 17765 28240 29541 25556 21998 11806
73
10024 16651 18349 25626 13895 24591 32189 8145 9125 1963 17414 28896 13063 1824 7446 16035 8482 4064 32231 20031 29278 22850 12994 9197 7897 11385 2909 3734 16303 27847 4679 4513 8569 28654 21381 8457 24595 15080 30334 25522 28579 30423 12052 28669 14038 12863 18964 13978 7789 17011 22736 3997 14841 22861 16394 7636 28130 8994 11796 31832 13998 245 15414 27235 30080 13035 16208 26977 26079 1791 3008 330 8377
9
7982 20648 10391 28070 16914 31603 1812 27086 27130
71
27449 32071 20105 7731 6099 6211 6516 28433 158 31483 3143 28395 31828 2381 820 12734 5454 4417 3314 24820 3748 19357 14596 24720 17558 19123 6973 21676 27691 19326 10372 6949 30231 7405 20693 3477 6370 4479 31368 8065 17991 12048 17110 11476 4059 4339 10137 3212 16111 12352 32339 15284 9142 1647 23666 13458 24491 15910 21714 17953 12077 26192 11908 32706 30316 23407 30926 1326 5513 23347 8306
72
30283 27187 6544 4907 21627 30358 19665 2154 32495 13030 22048 24068 9423 23418 25349 9132 3603 29499 6749 5661 12441 21600 31241 22016 7028 15996 15591 1552 11400 1467 23809 5244 17492 18280 1541 13196 27662 18355 3062 17800 8693 23730 14880 16342 16355 2725 3665 18786 12321 13694 13382 6211 25728 2977 21860 21147 17317 3560 4265 30398 165 22762 12001 3735 4306 4989 26397 12872 13268 9849 18273 7697
18
22670 28198 10740 30716 25593 20084 12698 22161 6627 8444 8569 987 408 26724 26595 4589 3502 4738
80
9794 27015 17303 23547 10373 9591 23519 29212 32632 12765 27448 28088 14835 31676 7651 12312 16876 23496 26137 11685 6390 28886 15531 15357 15880 32402 21734 1606 8320 9328 18361 7107 17511 229 31258 19620 31735 5334 17061 18723 23130 31569 4742 14028 17333 18811 9626 12316 15973 10953 32209 25166 27017 3443 11735 15730 15552 29478 14067 27327 30004 14842 32303 32042 21463 29091 7353 4152 4332 4331 3977 18704 10442 8032 2628 28116 26076 10057 29024 1841
8
16266 16437 18594 24506 23108 30817 19784 30602
8
28911 30204 14615 18935 22000 20132 17760 23193
23
32601 18987 20197 8086 9626 11575 917 19018 9325 10286 20385 17813 20866 3151 2139 30285 4068 15306 9539 23493 28716 6438 473
74
1504 29103 3837 17295 13397 23234 20655 30968 20705 18954 16971 15111 17993 13904 6727 21995 8534 25920 878 5588 22467 9919 15072 31984 30298 23167 20314 5529 31321 29648 26039 13517 23066 28601 9911 16606 243 28999 14848 20586 16988 30757 29282 13710 2127 25965 3935 18775 16629 17086 14315 2937 20350 32655 4720 27204 1104 6338 7701 18131 24677 24188 12608 2439 10222 19509 16729 23220 2109 9995 22482 21401 21729 22108
51
8211 10899 31899 9625 12881 1602 10388 474 9544 7538 32006 30664 9719 16183 19071 7234 8722 23943 18928 22539 25764 18251 15980 4728 26105 18615 25645 29804 21179 9687 20696 22406 3675 9067 10497 13721 13490 4597 20210 11357 24297 3856 28328 26980 12182 28931 2847 4687 27175 4246 28880
59
25893 12663 19860 2544 9970 3353 18635 6704 27583 27718 30664 10224 29085 20380 26688 7010 3071 22668 8811 22056 26386 20321 9984 2420 5457 19069 2400 14190 6996 23270 31249 25558 28136 25090 21871 14314 5733 29855 2718 7562 28988 28470 28355 5530 15056 8049 20596 19880 24199 9962 24429 14542 15392 31542 15492 12250 22343 10018 17887
41
12604 29540 29921 28095 19350 22385 1967 28600 12486 6093 25359 17269 21041 29407 21536 10412 15242 9502 18123 14261 20373 17097 2211 10465 16945 23000 13072 9741 29589 28722 173 23159 4314 12832 4590 13520 7610 25858 25862 3986 19351
