96
70
30151 31848 10710 8965 8896 21161 8914 2843 7839 15080 28094 22939 30358 29921 21880 20410 16788 27670 18062 23197 24508 18799 10835 21019 19989 18468 30771 5317 25219 20956 28995 9507 1014 9751 14876 11329 13025 4297 18154 1386 30190 29767 19904 14132 32496 10855 13103 32189 7192 227 9494 18995 18797 21759 22459 23450 30326 4716 6427 21705 21561 6507 11903 29622 16234 20534 12368 19956 6876 25499
93
11835 31466 30009 12454 23805 25361 31418 5250 18838 29958 23776 18501 14571 15205 12258 13085 18954 7003 15696 19755 22040 1218 932 28879 3210 28045 21530 20775 8089 7271 705 14802 5359 1687 23762 31738 3751 17703 22849 11409 8308 25925 14227 6106 1312 6121 239 3628 18489 1208 8055 28147 14343 17449 32729 3831 13248 17638 28960 29409 10751 8309 14033 24315 23411 8983 307 17207 13780 2800 16366 4723 23324 17001 727 28667 10483 6611 23819 22095 21611 17485 32315 6951 28141 7143 30278 29877 24948 28935 22285 25642 18168
28
10619 5934 12338 25347 9317 6254 693 25575 18095 6132 20794 4182 31663 17228 1130 6749 10511 13832 9184 7233 11473 4020 25669 32276 31889 9740 24761 22919
19
885 20479 20700 16775 25007 1771 12685 8284 3774 15956 32205 22886 10879 13749 23038 5907 12023 21262 22515
55
16436 28408 22851 2443 29291 13587 30193 22212 20534 15754 8257 4345 26990 16549 14312 16216 30098 28853 23430 9555 3166 8277 1497 15106 19615 7664 2864 1218 25925 26756 2851 3619 13498 8613 10882 3073 29298 24772 10635 27120 5828 19377 10848 18142 29944 6239 15288 9459 15265 23528 31700 20668 20269 19152 26549
33
20110 10892 1299 29483 5192 370 20578 18555 30943 1881 32750 24914 30251 32066 1285 3286 30088 25265 28268 14020 11153 29278 16969 27071 24875 22318 12096 19432 19910 11617 22749 18862 26335
19
25320 18633 21195 8641 20001 7342 6064 3484 26162 8145 4479 26314 5655 12309 2588 25837 14075 451 25924
56
25224 26492 29481 2999 11709 26951 25542 30500 21995 19100 26214 24227 10127 14999 28678 7249 10522 10095 29009 27707 15420 27304 8712 6700 25698 1418 7079 16836 22142 465 1862 21706 13830 19110 25277 23491 9023 4558 8459 9412 32443 5410 10745 21636 1568 22591 31994 3509 11820 9854 31574 8853 24054 28967 7559 1216
10
6115 26440 6472 6509 12924 18183 9645 17044 22597 19764
87
8566 16437 14422 7813 23857 30388 28166 12073 24165 245 12267 10437 4083 31847 19335 29026 5135 17785 8794 16395 29417 31662 28076 24960 7309 3060 28550 13615 16904 13618 13570 30303 18893 15136 19908 9647 25431 15195 7369 9919 32271 22713 9824 26157 10095 12505 32629 7107 5224 20479 16917 31982 23041 5919 11055 29554 6466 18488 17816 11357 8784 11492 18002 4921 21209 2860 32270 3462 13234 23712 1007 2664 6591 31656 32145 15004 19988 15125 10314 1200 345 7163 1968 2420 3699 5571 23899
64
9340 19948 22023 3939 4466 22349 24149 18786 10754 31803 23796 22924 22700 18690 2443 17215 21610 5512 9723 9256 23104 10381 9363 4524 9493 8241 32388 25990 6081 17335 20116 15794 19815 8840 1046 13194 1029 9339 16921 3632 5449 28499 16096 29739 29095 17802 14226 24661 20904 16973 19507 24052 4485 5831 22483 20519 27380 11426 6405 18564 322 20939 16019 12543
71
11376 19725 27077 7779 3310 22026 20138 29279 561 14040 11704 1805 3044 10954 26122 19430 29994 17344 10250 15743 24280 7059 28993 16906 14817 13491 31341 12064 17938 19982 19412 23742 26879 11828 27609 27021 28989 10681 23501 5222 6609 26843 22279 20245 25065 12389 2103 28253 3274 12756 10487 6973 24074 9911 16291 26994 26111 15196 28523 14141 29303 3240 3750 14950 30633 15687 30569 24193 1388 26118 18009
52
25980 31677 4905 30985 21232 13016 22970 8954 6263 25461 25226 24017 30813 25027 8161 17991 454 4195 31146 13611 14485 30912 21624 14936 29837 15775 2504 17381 15286 7159 13702 17819 7171 28162 31954 29868 18481 25748 12803 27553 31730 27308 31212 19093 27467 26440 22111 10145 16699 20862 14832 25495
72
2299 14067 25167 13217 11241 2830 12180 28238 5806 29589 4023 17405 27030 23610 6642 8212 3906 16041 29837 5571 31725 29886 11850 25563 29173 31477 18177 27364 28566 14114 11144 18794 10744 5986 10453 4759 14700 7505 6759 21255 23282 10621 22498 22487 27392 6939 9721 27647 32126 6137 11920 32738 14101 4276 17442 28452 19369 21803 29793 22716 17956 19763 11805 15690 32118 10637 32359 22442 23258 8469 10486 25545
50
8138 18359 18069 183 7694 21246 31936 6009 27203 2099 11755 14047 923 9418 12421 28459 16035 23342 7459 10036 5413 29458 15741 24412 11597 17409 27833 8385 23562 15933 19693 27832 9911 30150 30175 16503 2043 25529 271 273 31726 20955 5879 25512 6013 9334 24977 9693 12047 30308
9
20585 15209 6166 20151 5070 23750 32660 2751 2155
70
13274 16371 2092 9829 29121 15751 12503 29299 15529 19416 17413 23745 30581 32399 4559 5076 31274 25325 29315 20113 8355 9134 27384 12103 12678 9268 27422 22512 12662 22241 23257 5044 30346 21189 26896 14767 4094 27769 20737 11508 22057 22090 2519 7634 13999 2970 5246 28758 4344 2948 23478 27664 14049 9919 23142 6426 26033 25797 31795 28247 19278 17460 27730 13561 27569 23156 18074 17734 31383 5786
72
32121 11148 4729 11441 18879 25958 22570 5151 13105 28189 547 4128 32430 17763 26204 24471 27936 28618 24877 28496 29359 8491 26140 30601 28213 26185 4852 4785 29938 4530 30999 12655 1666 28646 4372 4070 15627 1723 3196 4152 19899 25600 31218 7752 28018 16225 28546 197 28091 29578 12084 15204 9729 4752 31200 26220 32000 6540 1091 8056 9849 1929 16979 30584 26922 23456 31952 506 253 15969 25884 27048
34
6988 11793 23701 10370 23167 28332 12651 12879 16238 26393 18348 4393 23877 171 15096 11141 5298 7460 6803 30182 24891 32447 16730 15105 4308 29044 27132 12063 6577 6519 21350 21188 601 2818
18
13341 29183 19366 30907 10123 3168 4033 7920 22682 7274 19270 10679 32640 21571 5970 32524 5724 358
11
23210 30046 19784 15917 28550 17811 25233 21972 26178 23426 6295
73
2766 23871 17715 15985 4759 7414 22032 7186 18511 4669 11316 3068 25801 11876 24635 16048 10131 32661 8505 23104 17542 14357 12017 23475 20379 15047 17480 10155 6913 20722 1529 3653 15212 27971 18825 17985 9903 8214 18558 9059 8333 8433 5068 3096 27084 4433 23440 29277 25996 23722 24320 21469 10455 22953 6306 1369 10361 4284 31421 19789 30994 19412 20494 4561 21865 21354 5307 7613 24323 31936 23437 16656 19701
10
20627 31990 14347 16575 18617 6840 13924 23 6090 20857
50
21312 15317 16760 540 23666 1502 30919 18738 14447 30062 22969 26802 7981 19644 8060 27045 1507 15150 20140 17860 10419 20590 11289 4914 22412 9664 4299 6247 2639 12691 16195 23660 48 31061 7684 1870 28256 5516 31570 9933 489 15395 15930 11092 14553 17665 10450 12590 22178 23777
43
30657 23133 11011 14927 2206 26955 25575 24534 9139 77 17498 13141 6897 21668 27495 23354 12383 16453 11006 583 16901 20015 13044 26250 27912 24827 27979 21648 27670 10165 28596 25302 13572 21738 9810 384 6582 19458 7105 12877 28736 14544 599
87
17768 25257 29383 25529 25137 4945 22792 8332 21563 24047 18493 20995 32210 30062 23091 21255 5459 8585 14155 27590 15934 17293 6188 7326 14477 6240 4021 4156 6724 23490 12597 30981 18250 12499 26335 23988 7031 29653 3192 6469 31470 22836 8787 4627 15533 32195 11391 27709 9058 19529 4671 15181 22656 23612 4538 30492 7571 11724 7156 14320 10193 26404 11517 32232 23025 30444 29801 1946 20544 16402 25087 31738 29425 13002 27318 27518 692 30419 6621 27775 21387 2812 17049 22243 10713 32232 26004
19
9230 7924 12196 10397 28419 12426 29628 262 18940 31820 24241 10419 8079 774 27761 28907 27833 15180 12428
64
21683 23702 11126 27819 15169 1486 31857 27160 28449 28156 8114 14125 1179 21408 10195 29162 24644 3400 17456 13068 882 29762 4345 28116 31987 25203 11653 32010 20991 18311 3305 322 29546 6475 13514 29790 4894 9046 24175 5716 28105 31215 11802 5937 23763 5163 29849 8798 17555 20822 12056 12066 12994 28052 14649 14953 16688 10696 25959 19908 4277 10933 28519 30640
25
32047 6427 1306 7877 8700 11300 1268 15512 6047 26659 23427 30094 8727 26345 18911 6828 20837 12105 22308 1009 5532 18647 9507 25144 22840
55
26720 5552 10489 10781 4009 5711 17900 28700 31585 23871 2321 15370 16321 24295 16906 22675 4114 1911 23058 16528 6163 16064 6278 24960 1183 24138 4261 25142 32651 19872 7316 16847 8910 14575 2468 25319 9956 5583 23000 22285 20596 27233 16034 32371 24880 2714 12526 20458 4092 16350 19041 23822 19539 3793 17379
18
3946 15707 5584 18824 2889 12985 11266 4167 22090 16954 16691 17883 5466 10215 24787 18756 26505 4704
23
9569 13527 24946 13719 10870 14943 14274 3636 23871 32359 8135 24081 26916 11905 16728 23545 24280 14697 11737 31509 12009 12098 20328
24
30215 104 10021 2174 11828 16512 7488 12870 32469 3569 31538 14565 12252 14711 5395 3362 26559 9531 957 26242 14787 10754 17711 29210
54
15407 25505 1930 18369 21300 7369 19377 28079 18050 24271 20486 9911 22935 14929 4482 12160 31686 12641 22974 31691 8226 16343 30206 8545 19613 15851 24431 28490 9329 20739 14509 1344 29119 24265 17544 32612 29302 13953 14856 2607 27767 25754 6575 29354 19703 25730 26621 1762 22308 9407 28986 23190 9739 4412
97
1465 6112 950 9732 26528 23397 32691 22434 30269 2152 9315 17329 3064 188 14612 3534 4428 20740 1461 21699 1575 9345 18256 25853 14996 11048 19925 28481 31383 9720 10009 6042 12632 3466 31518 28822 18308 1770 32149 14001 16625 6821 6305 24594 23937 25123 13534 21621 16712 7991 17058 24937 26609 29173 26755 16059 26461 8388 31513 14130 17806 9908 8709 18812 26052 31761 20017 21865 20709 19768 25946 10583 23842 5033 18124 1006 30936 17758 3437 24077 7348 3675 13053 4355 10523 18567 30876 11523 13001 9658 14477 5074 696 16407 1337 11203 19779
48
16101 25739 11255 24074 23163 27162 13723 2155 17068 17350 6420 5834 20092 22488 8599 27983 16379 21614 10206 6309 27836 1566 7731 31161 19081 476 8906 24255 13397 9758 3155 11639 31602 14142 9424 686 6405 6943 1700 27399 5046 30739 20461 6395 28076 15100 8212 15391
77
5027 23973 24272 24229 12886 26150 1216 26308 884 12447 32028 17053 15455 20153 15737 20933 15722 25165 22492 14202 20716 12327 21107 9095 24723 20490 10115 8808 5370 7669 418 14511 4989 20645 2086 19878 20044 22875 20445 10550 6846 28895 17407 2311 488 30149 7008 4329 32623 32751 11754 6771 8858 19795 15947 10217 17835 27646 3051 32355 20336 17753 16673 11052 13077 28332 4518 30825 8764 25312 7498 5371 9551 2441 27365 29606 3605
32
9586 30852 21148 22038 13137 19927 27668 31398 15107 32224 4320 20171 21303 25246 6356 22941 31475 530 10434 18488 6197 8783 17982 17005 18907 25553 22692 30648 4288 22031 15197 30834
88
17757 12104 1374 26826 27120 3820 26267 3031 22199 18442 14634 9645 13037 7038 22218 5149 25583 7364 31316 1708 31484 30896 15261 6889 12345 5215 670 4862 3832 6253 13778 23172 14137 15464 10208 19868 22641 26245 2170 30267 18827 29586 23685 13253 25133 15148 16762 222 31036 9266 12 19325 11426 23930 12811 4929 22095 3778 32648 16905 21117 5609 14138 29375 31545 9311 17952 6772 32031 20698 21096 18354 26981 29002 32144 27661 10523 20752 4555 25596 13744 5994 7846 12519 15033 29234 18667 6529
56
20933 9304 25205 31566 6438 8363 22628 12819 8038 12667 20865 337 18989 3812 10828 1306 28818 29102 15935 22928 29316 23840 23124 21333 24425 15124 14536 7234 28678 32337 27166 2140 22431 16148 20328 14083 12383 1520 2498 21613 1786 14552 799 3923 18832 24187 29768 5866 7637 11216 3105 13589 25199 4081 7214 22745
71
28247 9489 27428 5719 10216 22371 860 23397 24028 7026 9645 18487 15963 7765 25635 6836 29569 30281 32346 19740 9057 12962 415 17817 12618 10248 13394 9240 9289 19679 20622 8790 22254 14855 21005 14910 21587 9158 23365 1650 1627 24322 30167 4392 6456 18100 12842 1335 14384 5529 27219 30065 1952 2091 11321 11828 65 23247 3830 17724 4010 30800 30592 23483 8726 27788 4232 18092 31080 28525 31138
97
7195 29095 3690 12640 10352 87 27272 6835 12461 25411 30242 25868 27499 16875 6343 32654 22996 27939 8966 28507 18450 11707 29315 13142 12808 26206 7242 5422 24640 3259 4450 2968 20773 15843 29094 4571 17011 29170 208 6290 28395 4850 29143 29613 21579 31484 31867 27066 5501 7584 28957 18531 19727 24712 16085 8759 25571 26455 8127 6573 16424 22231 24469 23909 24712 21332 28803 14770 14243 15939 16950 25430 23485 30504 3895 24460 24243 9142 5239 11596 25140 17207 26411 5066 15405 4398 23769 14912 16261 31547 14771 27885 32011 11840 6437 13149 4269
35
7148 20202 12434 27875 24710 26250 25004 30954 18608 19084 7263 24548 27852 30816 21678 16597 16024 28246 21751 11449 31481 26199 24018 22224 26871 10451 32060 7993 2568 3066 24821 11202 8081 29487 10278
53
25273 30791 23961 17186 31676 22848 8681 32450 29800 7374 15813 10710 24689 21801 21146 6122 23999 7908 26555 23506 31078 16916 5881 4589 24792 28340 26484 8106 13146 6216 19121 3146 1972 13505 28652 22248 31277 25249 25007 28087 22198 14943 8611 10892 13158 20237 13991 30876 3878 8760 24863 1926 18606
29
12180 432 28872 15720 27453 16978 2112 20001 2543 28898 25826 26250 12 29125 21706 27229 30771 945 8233 13334 2496 11293 5099 1285 14486 18421 8087 15266 8732
76
17440 31621 17640 1018 30533 17749 30465 4950 23416 22560 7595 10865 31772 11925 12910 24578 19228 4284 17345 5363 16583 1148 13181 2315 11743 10080 14738 8905 29676 21915 32505 28307 6102 16969 25834 6416 25267 25847 19534 26834 1246 24678 29047 31544 28489 18060 12303 18578 22292 24028 17230 13191 5982 19399 22128 10164 25947 18563 31079 2966 2726 16395 19917 2474 6617 1127 28 29906 20828 29997 24865 19451 8314 16456 13230 8445
91
656 26306 9580 14874 4800 27307 2946 1194 17886 32047 9121 21382 218 3526 1144 29556 27381 15877 17233 30311 6376 12298 6373 5374 30818 5146 18549 18766 4024 14729 32022 1761 26072 9946 4429 13310 9856 32040 29915 18475 22189 10949 9434 13297 11605 12576 27145 30175 25688 492 20837 210 5557 14206 4857 22387 30969 11383 23286 256 5374 13988 10502 15184 14801 2338 14814 3601 22260 454 12050 9045 454 26043 26926 2381 16447 20845 18434 16723 27616 24486 17725 16430 16618 19447 7486 17298 28111 5210 31270
21
24085 21810 29003 610 8674 584 16090 24709 25420 6607 5933 25617 30556 13508 10016 24320 7797 12042 17369 22388 30077
33
18673 573 6492 21605 1482 24331 3117 5770 19673 18854 21569 20701 26483 6497 4530 28898 25499 24708 6329 6333 15990 15599 4037 5365 4864 7168 13258 24440 8444 30135 14044 21471 16433
97
30964 5075 13265 15154 881 4672 26397 31964 30219 13549 11240 21317 687 25759 3124 4985 4364 30174 10171 18008 3665 18854 8662 28394 27192 26209 9885 2802 25923 7442 19280 454 5189 3795 19958 30045 15653 9857 30787 10666 28895 23222 10687 30248 1739 19447 19749 30135 23842 4911 15625 26790 702 21596 23486 32017 11809 27017 25207 29037 9657 14844 11180 17761 32099 4528 31936 27863 19757 3334 4832 14676 17760 27831 30510 28036 17342 26125 24095 12058 19976 17235 5665 19159 5571 26762 18818 32487 26940 4189 6029 16244 13770 21847 18678 10614 32595
87
6088 28945 11573 8380 3713 27542 8920 3197 28801 13326 25416 19946 13130 10437 22320 24651 1298 7913 8086 16104 6422 19856 25797 18470 3632 27132 4491 23540 9132 22814 20133 14693 12376 6746 21112 24478 4058 20362 22786 30195 31302 1605 22543 32589 31216 9825 17328 23759 29567 10678 30441 25529 29763 293 5290 2700 15049 19162 29952 29039 11692 15821 29325 18897 13485 28303 11318 24912 10246 20803 3867 21465 18940 7402 15564 10513 32436 29669 8634 24820 13895 30132 20459 13244 15640 7684 29170
31
5353 27167 27182 17693 21608 29171 29698 26354 18232 19926 2968 17838 17609 26892 23159 25290 3718 28134 22014 16701 12888 11829 22020 12690 30315 28676 32443 9277 12852 29319 474
32
16206 31483 27560 14325 7102 27457 19789 12766 11970 6207 23418 29221 11966 21013 3033 9632 11205 25820 17716 30402 18955 14661 3463 21346 157 26748 24154 16317 12367 18259 4941 23231
87
9973 30590 25304 30422 12774 28680 10849 5389 24593 5470 19480 5883 20561 24768 6865 2163 4672 18987 31267 7168 13903 26657 3868 26825 9238 15528 26932 16311 10984 21397 14208 23514 171 5642 24104 29193 8934 30526 27 25545 19996 24188 20737 6513 32601 29295 17266 18315 13322 10652 26469 9084 23569 17456 3307 19304 12825 4860 32541 25936 28199 12222 27474 14717 1650 2722 18582 19490 29301 28936 21336 14909 9282 29064 29027 23998 11289 16691 4624 31979 14905 1564 24249 2307 29430 11032 20336
8
24309 29733 1228 14244 12390 4910 16606 15912
59
22744 17535 4981 24392 18013 4959 16328 29107 8749 15104 15092 16447 13215 22443 6450 4874 21478 2326 14699 21296 30276 10704 12038 7498 123 5598 32254 23860 1925 17575 23863 22292 17540 14861 29458 16791 22012 4829 16447 21886 8512 12393 11474 30298 26666 18291 27545 22675 26383 22093 10157 18607 3826 17983 12360 30673 12280 15401 5846
15
23657 29519 7850 27172 1535 17091 31209 28884 18671 5175 22788 29281 7143 30639 28601
17
25484 28602 16032 10892 1048 27125 16782 15655 10592 21784 6264 29613 18242 23893 26459 10359 15302
14
28917 14331 5817 18626 19148 13170 18339 4435 3946 31197 27083 13280 20728 27864
54
9978 25318 24591 31610 16243 1031 19263 9070 2896 21645 16284 3535 2563 25131 12247 20249 30831 18255 6523 18496 26372 30897 27691 230 31531 4396 30251 29138 24548 4046 31267 21406 10669 15403 21023 17839 12711 9462 17369 24939 11252 27858 27195 3493 32099 22885 22560 9820 5199 22702 22619 19622 18628 28825
82
2020 19665 32716 31046 20105 24278 15904 28258 14124 17487 18896 18496 7942 26529 7550 10633 9844 3776 12830 1778 4256 19526 31668 16635 18014 1730 9055 1500 84 2642 8855 4028 23646 22644 9139 4901 25137 10777 19374 29109 15166 22523 20778 1302 8665 7473 1205 5680 19354 26624 11852 21660 21251 11509 25629 25180 25700 28720 16017 18378 12796 30979 3466 25551 29537 25532 29418 11349 29730 1470 1620 21247 30122 22487 26166 8727 26727 23245 23047 9672 16428 10810
40
26580 12698 3811 12777 6185 14243 25081 2649 5636 13269 27228 24455 7093 8785 29304 21952 29092 18926 1435 27560 31289 10378 31483 26924 13562 31134 12795 15033 31987 2837 25514 3243 1627 21599 11660 15113 24436 961 14750 26991
48
10132 22347 30753 19420 7013 17484 23553 4817 5385 31000 12467 12989 30081 18494 24024 5836 21785 7019 20151 17466 3818 24800 31200 21354 9634 27939 3086 32562 25992 9461 14930 15993 26554 901 32622 7173 23225 20707 18559 16526 13352 7351 21728 25367 12241 20787 19786 4990
19
27688 21967 18806 23646 6915 30252 26586 28672 19432 30549 8979 4989 11840 1316 2400 9888 17142 31717 10419
31
15644 9287 11750 17428 22296 4437 27885 20138 20882 32622 1360 27574 7442 13637 6663 3357 4981 22165 27632 11290 21916 6919 17695 22333 12645 27734 11893 25011 9178 12209 9076
26
15969 14417 7337 24533 20907 26187 21870 32426 26104 29244 1369 26870 22835 8558 32601 32118 18547 12463 4306 2191 28890 16808 2464 15422 6077 12906
39
15876 4938 22995 10969 8916 12015 20199 216 22892 22697 884 32575 30285 29956 9126 21531 6046 28830 21624 4110 19662 6453 30839 26620 8571 3332 12745 16136 20371 13392 17775 3263 23737 31038 17351 29586 9962 12775 6741
49
28846 29378 9527 23222 11986 805 18666 20814 1343 13186 30244 752 26538 15504 1869 4787 5596 9152 23977 18465 14158 14458 31113 5782 21751 30378 25278 13289 9570 29307 30035 590 24323 12642 26236 20859 1227 5215 5577 15114 24826 14208 32415 7711 8757 27302 24041 32330 20184
24
18863 653 10500 27415 19044 10782 1924 22852 18202 12679 32482 14236 5888 22608 16732 23796 11492 8217 31707 27937 23963 2423 28537 7273
9
17472 18232 29192 11935 31028 12820 12420 8501 5524
9
3273 17932 15983 14384 29666 4315 10486 13827 26480
96
29768 20700 31394 19452 1115 19622 31617 1000 26429 21847 22957 23532 30171 6839 5660 24625 7827 22847 9394 31008 7156 17873 31005 21693 2245 24999 23294 31286 30025 19082 17737 15291 25026 23364 21742 31377 16948 12375 2745 29026 28523 25839 25718 30936 10559 7190 4442 31338 3607 10791 17822 1397 11180 29317 29037 14990 3344 19852 24320 279 27118 2760 31752 15120 23315 25445 21068 27440 14381 28903 29587 308 723 31772 23748 16504 710 14414 5196 29892 30583 16060 1984 26984 713 24140 27843 22155 12567 4986 10539 14528 17017 15508 1631 18138
82
13315 31234 29135 3007 24024 23558 18301 18628 22749 4084 2807 30151 11195 18664 3514 7656 30303 8994 18130 14477 31977 4955 21732 13143 22981 24665 24946 22613 6935 23234 18779 25719 20317 18222 11937 25157 17744 11903 22383 7376 778 2165 32347 16105 14446 29821 30696 29330 12485 29898 20815 5298 1957 24487 19583 20749 9495 31500 23906 14962 17656 30319 3170 13110 3488 14044 25132 14818 31170 10568 16563 28201 6547 3875 19832 25117 28463 31020 20746 2978 27192 25737
87
18112 11799 24558 13442 21353 20479 208 9045 25290 7562 30560 11088 27669 28982 13302 15358 7927 265 1361 22197 28352 19749 7385 4553 22724 23709 10278 23551 27137 15495 9158 5189 18434 30034 19259 18848 16643 27226 19012 14181 10069 22458 4958 20908 31748 25185 32649 30210 11448 28265 6991 5214 26841 12196 17667 25687 20982 10359 71 31379 2920 2795 8912 21123 27954 12289 15982 8269 24108 6470 27718 32522 6497 12456 23906 20274 25269 14984 21613 22868 28363 11792 27831 2315 549 26567 21120
84
27234 20594 8773 15796 8670 22127 18500 27674 23755 23949 27763 12077 28651 19807 26284 5045 14331 18039 28874 22895 28113 30248 15198 1272 167 22417 15012 18669 27319 1494 16309 2641 13320 945 12797 1071 6023 7210 31984 20096 32345 16546 1529 19534 17776 2070 16051 17690 348 13218 10076 11644 13412 23620 21895 25353 10966 11747 21264 24441 29083 21392 26965 9994 6926 30987 11427 30239 17935 1417 23535 29229 6994 29620 26823 25047 13565 27380 15240 12376 9331 32237 2000 16418
10
17718 20676 30020 13751 8249 31761 31132 25651 30583 3711
12
14624 16077 19357 22548 13481 2281 15967 30412 13509 12304 7612 30848
76
15591 29279 19214 1706 12299 22461 3029 27123 11418 10516 5126 26877 17378 5193 29826 16761 11233 27185 8794 7553 2650 3412 14983 6267 30248 15857 11739 2881 8915 26434 26935 25471 27233 20992 19967 2652 10606 24618 3787 7772 8575 13827 17503 1156 21908 29786 20190 5312 5372 26637 22330 25987 10349 21200 1263 31405 21844 12587 15345 23473 11114 8642 30434 21751 20616 20953 4489 26751 16060 4887 6016 12744 10396 32394 27436 16624
45
22770 12572 6681 11301 27304 32282 4095 2576 3914 23877 29324 11394 27375 7593 25258 18057 25339 21352 5893 6897 14997 21085 31772 27661 21340 15358 6809 6324 26197 9351 14301 2697 18728 4949 25824 22911 5005 25231 28472 18589 14593 16908 26743 32767 27325
53
10270 21992 1434 27007 19025 4620 3388 12727 6803 21447 10440 21533 3718 14275 18834 26309 26040 14823 3122 8952 1829 11471 8746 14399 22526 17786 32458 21950 28585 3907 19281 24003 19721 23571 26197 30623 28927 1236 29285 29621 561 3625 14316 13776 24074 1372 24152 6586 15106 10648 16508 1546 16415
64
8509 13755 23583 15687 23816 13193 20586 5009 19437 28627 26082 17505 29965 5125 9175 28448 6717 14959 23530 32051 9307 31047 6409 9507 10723 7917 31393 10491 17341 883 20494 21490 9305 4957 2135 31562 9470 30629 18968 1656 15711 32515 18367 17029 6512 11371 9211 1204 16759 3798 31346 24677 2150 17989 24755 29753 13416 23043 29547 4727 5562 17451 17371 18607
80
14729 2717 22600 23559 15414 1103 12610 7457 14865 22410 8304 10039 24106 18539 18828 32493 2857 7498 20120 7949 28224 13795 6770 26828 15966 7608 14760 26959 31654 7601 13709 6253 17183 4358 9613 29879 2733 350 27325 8373 22848 20025 18870 25971 20299 25483 22180 15932 4984 17321 26522 20902 30618 26729 297 31695 27106 16261 28976 19941 1623 17985 3061 9964 23680 2126 16245 18875 15715 1517 28921 5192 9652 17752 22762 15398 6214 4957 20710 13388
8
27519 9480 1584 28830 8727 11280 8427 51
72
18332 10053 9695 24581 9126 1720 1808 12046 2799 20205 17030 5552 3136 10900 4863 29502 6895 19393 32268 9106 7611 20290 31256 7425 25847 27185 13734 10895 19435 5573 25562 5726 2423 11629 12859 22637 29689 13088 19383 7551 15473 11758 3304 14936 25827 22236 19861 24367 30205 2030 25468 8033 14330 8581 16974 8547 29382 23019 23804 2810 31075 11053 11313 32174 1163 21289 32287 14204 8343 6631 29567 11211
74
19923 10401 22755 18509 29423 23575 10857 4930 18871 19978 6632 31739 21546 8724 32741 28407 10912 13754 4124 11282 15439 28391 15905 10399 30996 20122 21831 22454 18545 7131 18369 19663 29138 15091 30983 27792 23060 1244 1916 8164 14919 13047 22861 15693 13235 13053 28828 7291 25882 30520 19166 2077 25917 5875 20353 503 18081 21295 4562 3381 2195 21399 27167 29439 6506 12214 10776 13645 19980 6248 28795 9213 29364 13710
16
17335 25196 30611 27833 5673 19234 29836 19136 3707 30522 19546 23892 32264 21234 22869 30776
65
605 10909 24242 5093 14377 5937 4177 13624 23772 3416 1626 14817 18905 18361 31851 27730 26585 29693 29209 29725 3387 26579 7140 21266 5787 10040 24681 15783 28069 8181 13786 21150 29227 15977 29612 30177 31094 16264 27791 21169 22490 25636 25763 18687 10381 26988 14313 18970 18362 27314 17656 26763 13008 4209 28657 7997 17184 12430 20916 5090 30375 17374 26452 22673 15144
8
28852 28543 19437 5605 7457 3889 15398 7306
9
19055 9752 19282 8820 14924 1529 26752 12978 30586
77
26171 18426 1639 19796 10851 5219 20170 660 6564 27350 27406 10798 7139 11827 8932 23583 23541 17805 19046 16426 13922 24540 18170 3883 1385 8178 23418 16039 28228 17585 32658 2727 5037 8570 18025 20935 20896 31464 6275 30602 26211 7103 17638 16624 11460 13855 11643 24395 19362 25854 4792 7502 32430 25045 17020 25191 23667 17048 11834 79 15764 21484 11354 32479 10581 25493 26844 23077 27485 3885 18751 26295 14011 27420 18337 20551 31270
10
26232 18825 2812 13215 11248 191 19392 18020 23470 922
49
22686 16171 27028 28187 15211 20541 13105 7946 29333 29475 32409 30917 10435 8372 14037 31112 25946 31891 906 12976 6990 30900 28272 10341 6713 21019 32006 21627 5546 19175 4741 20634 14015 17808 11794 27549 27638 9581 22839 11833 27456 6265 23188 4831 6743 11862 210 29923 20818
54
31453 11127 28714 27203 80 23120 15436 14608 17033 12033 30305 17307 21706 19928 22347 11724 8104 16422 14827 17040 28594 22605 16103 6278 22355 7195 23978 28412 26618 10582 1708 22297 1655 18584 15091 32091 24233 8797 15578 10053 14934 19035 15889 14673 16218 5394 12005 22828 22788 27555 4801 34 20669 4581
74
23018 4790 8375 19257 5396 18063 871 7602 20038 10332 22552 19106 31415 27786 1355 21260 14761 3681 19965 3984 23697 18324 15077 1177 14968 9750 10487 18135 21153 13360 8492 1008 620 26321 23941 882 21114 17957 8014 13325 7954 1128 15008 6399 8132 30461 31529 11215 4684 9658 17967 1598 3257 25735 7635 26747 15054 11047 27027 28566 2728 8021 10259 4151 3233 1299 28189 10640 2677 2367 22246 17552 6563 6759
14
11542 17374 14331 1269 27141 16143 15023 324 17432 12050 11832 8505 9420 14973
31
8728 30589 17971 15381 2129 24101 8326 29561 15179 13573 23225 23972 12993 11263 24569 2202 5622 6486 2378 5606 15005 3336 13187 2187 2806 11870 30362 12093 5947 6081 25122
