95
35
28312 24700 27509 18509 6507 3151 26965 14302 18277 25501 14848 21347 6276 8310 8464 15008 11725 7903 3404 22730 24302 19420 7026 27710 29474 2766 13876 13939 24917 1279 30592 26669 23433 6012 12036
93
21283 12786 197 5754 17148 22528 24327 30378 27853 18868 20928 1860 16360 990 16905 11858 26184 13414 25280 23944 11228 21575 29308 7276 28707 8924 22982 32186 22009 26203 31110 1030 9649 5535 15803 14755 5475 20266 18543 32708 27527 16746 18667 22753 12227 26683 21287 12892 24066 17326 19332 29029 20422 27656 15037 18203 20415 9998 7707 4083 2972 25216 2025 16990 22561 14308 9256 12454 31610 23940 30084 8729 29135 10426 24198 1898 24600 1387 19210 20052 10547 1746 3572 6272 22835 30079 18207 22953 23292 32415 26006 8446 11277
10
4552 668 28745 19828 20300 6632 13593 28716 24563 6347
69
19368 18062 6775 3228 31106 514 28506 30070 4259 11980 23731 29576 24672 3329 22550 17566 5026 12019 12634 9414 13195 330 19031 14087 15709 6486 31726 26192 20376 15779 19530 21167 12899 23758 23142 7875 16173 26264 8911 12660 27540 15161 428 16353 31622 9463 5627 13210 7846 4086 27165 16656 31985 29778 1429 16970 30369 9835 19469 10713 6993 384 19865 8717 7267 8320 27712 11369 16031
14
21845 3868 27937 14450 20499 24420 9733 20183 3828 19667 20159 13264 11212 22336
32
13475 19168 29136 13181 12461 358 18826 18595 29053 15983 4939 27406 1141 11038 8119 1182 22657 13571 14125 18702 27653 21570 22356 19760 5907 31985 28406 9082 17890 16321 3090 8642
10
12332 13382 5302 21535 16104 25071 29541 8529 15063 26071
10
17553 520 5728 27409 4100 28551 32670 13928 17419 3985
19
30787 16932 5177 18364 17690 1473 22587 10093 6696 17521 5082 31172 20163 29190 15918 8655 8397 24483 863
12
26750 20058 4878 29262 23525 6856 30237 15187 18559 9024 543 30284
32
5241 6940 20752 2121 29516 27756 19972 4099 27804 10818 1390 19521 28850 21205 20346 31757 11198 26016 24969 9175 25281 23733 12848 29034 6058 20564 24196 7198 14527 30908 29845 5455
44
18232 7439 24902 26527 12042 3864 15088 18062 23729 31748 4801 25238 8293 25281 23877 18981 19120 7743 25587 20959 2673 23403 13143 23093 27687 11105 13425 4921 24172 1501 30040 12976 24512 20467 25890 20585 14728 15105 1800 23758 27734 4065 24774 26041
12
6950 9902 2200 26566 17453 26390 9266 20682 24300 31157 5889 32407
97
21875 9394 10922 17556 7828 22478 23331 30216 24796 12106 4848 18467 24907 8186 26659 23288 22713 29738 23917 16844 31591 1248 17994 9849 7897 6242 15225 15376 29160 2552 13231 17602 31507 7923 5260 12033 20758 11502 20430 3554 16830 30036 24773 28870 23291 23075 15879 24121 2615 20463 4964 30234 17894 12585 22556 32509 30046 22177 5456 25293 2793 6474 28855 24246 1049 8509 20370 27201 17500 9729 9698 6593 32208 1034 17880 32751 7257 19327 17293 21201 26352 11329 16627 22496 19262 25384 13836 23401 1897 3216 2393 14132 9774 20 3222 11364 304
25
5278 15759 5007 3015 11885 30397 22131 28945 2277 2957 24984 20510 21127 16781 12584 3586 3941 12950 17765 128 31367 14497 12085 22653 5772
73
4275 12692 1790 27150 13482 24670 17879 31262 5092 13486 4651 23447 13656 13042 21184 15862 7971 19236 28854 31404 18041 22770 26391 13929 15329 28445 28847 10138 26530 29215 18462 9777 27256 17936 11819 26788 30348 5066 10843 4664 13475 26956 14787 30335 2454 14684 24602 13855 20482 32369 20242 6358 23104 1231 6120 18619 20632 8180 6970 21191 16305 20275 11034 4243 27468 5535 4960 24419 14642 2346 31812 18532 18539
37
32306 2225 27500 26050 21405 26149 563 15178 4013 23872 30532 14387 17124 2827 18388 10219 450 3475 18193 18680 10383 18583 8200 22341 3156 25221 11974 4281 15659 3493 29885 26638 15800 29075 11370 23009 21496
64
6149 22329 1887 10393 32541 8042 7076 30084 2666 31125 8750 1793 14817 17834 7106 14612 7809 8574 31851 1765 227 17683 9911 26913 22035 29722 10018 29598 30366 10422 17363 30270 19436 23427 13446 9493 26576 3287 5834 3022 14942 29512 29292 20554 23037 29550 25139 2187 4541 17642 13517 10193 10730 26790 6666 18178 7905 21599 12360 19535 14882 30561 1583 13845
37
25758 3329 12660 28082 29924 16760 13168 7137 5940 30774 18803 29026 32083 2613 23968 4254 23956 15312 11509 25708 20998 28456 16416 1423 14316 21959 26260 6528 9069 25987 26589 3695 15245 5285 24368 22660 4700
60
5226 19821 26635 27756 13070 12938 3545 13011 4772 27814 299 28460 10476 7443 5723 15225 8883 3318 17228 541 7324 4855 15952 12598 22816 317 1097 14381 6100 12185 2575 908 29162 30209 7442 27407 24571 11073 14145 17917 19716 31725 18986 6584 23214 11674 17762 5779 15058 8781 23591 22245 16956 12340 20036 5212 6319 8596 14389 18323
48
11916 26086 15722 5591 10387 12677 21424 29918 32307 20423 13764 18768 32020 6593 21050 6657 22790 23320 20724 3803 31648 29459 32744 14988 30502 3060 32035 11388 8368 23689 16910 24322 5513 10238 29681 21975 12246 28661 7605 203 11896 3288 14062 14006 5171 8302 7193 23730
52
23585 3463 4350 10448 32553 21863 28352 5801 10885 21980 16900 2615 17929 26110 6608 22907 1671 745 27682 6792 403 9326 26584 15834 11913 18953 7629 8936 30930 21523 17733 23292 18274 32057 8075 3651 7557 2093 16088 14112 14556 30107 13431 10182 20642 22111 27175 3590 23092 3573 10945 26981
66
7706 10098 28318 11568 15403 23127 23789 17038 31599 15789 29118 24793 16013 32149 27782 15942 17719 29700 13360 1955 9298 20574 12386 25741 2391 23879 18433 3043 19705 22710 10487 31867 6408 4682 15668 11795 9621 17378 28914 20106 20823 22632 11838 24400 6477 5357 12724 18203 13221 22523 7306 11227 20957 25382 26576 10481 20008 25317 7413 13723 18451 10400 30606 20403 29800 19210
13
9298 8369 4458 623 18371 18644 17385 17284 28435 13940 26262 22034 4074
8
30434 2720 21298 4361 26638 27596 22239 16565
9
13478 19186 16896 24434 11770 444 27798 19741 3574
19
2740 8851 27983 18502 28494 22045 17127 14870 30805 31976 28977 3711 1928 11071 20118 18515 16966 10141 9206
74
19744 21833 20915 9777 29242 32135 27027 9987 10154 454 2669 27121 25514 24482 23164 24347 28010 15074 17021 4119 7358 28249 19207 22509 16915 9225 25631 23654 19112 14479 19208 11399 29947 28091 600 10328 10625 12414 4177 5610 19353 30217 30573 1943 5827 29747 7483 30604 23565 14619 4970 15493 13263 26127 30499 15320 30616 4525 23197 31925 6248 5448 27883 172 9504 18830 21528 1391 5430 30311 28021 5082 11181 31264
55
1605 27592 28204 16296 11503 15578 20230 14120 13699 7709 24955 26448 20405 11209 3826 6586 19782 9451 15699 29568 31351 12810 2842 4351 23235 32523 4522 3803 7629 11346 8675 9284 24728 23338 12022 12919 3830 22887 23416 28039 31043 12362 23734 605 29266 6820 10313 24061 2472 9790 8170 31244 13800 1145 12167
18
20018 4502 26870 7137 16104 11689 30809 14372 11041 17730 16129 21771 13833 25321 298 14965 2653 16253
33
6791 4552 10247 20983 11275 31829 32087 15452 12833 3462 1448 32002 15267 1505 30770 17362 30762 22699 13561 848 6261 6840 18511 30231 3594 21377 18330 6275 28191 25719 27479 27309 31674
52
3740 7448 15935 23145 5817 16460 13632 6609 6276 29480 2868 1688 22406 12896 13330 18091 7302 13293 7423 9576 3328 12464 24423 19038 5843 29016 10829 19796 17466 8837 21983 19341 3069 13357 21838 25163 29161 18496 31452 12946 2941 29831 16951 21038 15590 23506 5381 19960 16942 25170 15808 8532
61
31940 18174 7375 32207 29606 18183 28647 1840 23240 26138 31364 20 13610 23044 7890 30533 30339 10099 28501 5001 20369 3326 32218 30408 5293 8038 5806 23660 29346 31516 15373 30477 26047 12035 30173 20814 10027 17526 18845 13826 1145 2189 28312 25492 21884 31388 4702 3749 1117 1021 16756 30710 23530 23824 18507 6537 4145 17279 8303 12035 13646
40
7509 6273 10228 20839 32155 12164 9643 20802 20292 4635 5486 24736 5492 12780 28956 25972 25510 17553 1975 25411 7574 5100 23658 28191 28254 10426 30411 18905 15071 875 2141 2419 4962 22322 2905 17108 26751 31576 16046 10943
46
9030 11526 8317 18977 24203 21755 24466 6984 9770 6696 21553 10301 6422 25920 13199 17264 10705 24917 13511 24226 32231 27978 3198 10232 26299 16780 19394 32079 22405 7677 9784 10704 31900 5169 25463 8644 22513 16861 32687 12457 1756 3980 16270 19845 5404 18324
93
281 6473 9605 19611 21867 23664 20463 21758 31648 10487 13612 11282 11322 5859 2170 1587 8184 14985 4394 16508 26199 12545 21830 28893 1367 20696 22390 15469 18050 21253 27684 26625 21803 2078 27103 22269 4596 28108 14589 27754 16275 14461 1669 585 27861 9560 7756 27431 16354 10358 12381 12786 1732 19279 1438 3083 12579 20338 26545 12700 5970 27002 16409 4140 12944 10301 12958 2929 10887 23622 14066 16485 23577 4998 30100 32412 15708 32070 27637 27604 17123 19040 7130 1486 10816 23983 18945 30300 19910 24772 4103 28092 26004
78
30500 22991 22540 1162 31646 2606 1734 19732 26390 11964 16762 3106 9137 13785 30356 2494 24417 17282 28847 615 20407 13779 22793 28597 26616 21194 15924 17472 13682 846 29455 7869 22032 16240 23029 14442 15661 4080 28724 4781 15014 18691 11713 10231 30771 25171 3370 9199 24823 4168 20427 26317 10069 646 21061 22531 23814 27575 1324 19491 20840 13962 24064 509 10777 3067 21599 31495 27077 3798 16248 13059 22844 28790 10179 31451 1736 17107
37
20413 11196 29 8147 10321 23904 587 30771 5550 30739 14099 17273 3654 14671 17301 14737 13415 7161 20914 19754 7951 19942 16251 27998 9473 7838 25320 2710 24088 19296 13774 25256 20188 19558 32267 22595 29267
20
22925 5658 2920 14673 6666 15539 14758 14774 9152 31265 32754 16469 921 32434 2090 24355 5384 17437 258 30361
77
25602 29612 17345 17787 23758 10750 3812 10498 13738 7766 6489 9839 27965 21838 5022 12632 22933 31307 13011 17520 31852 29362 18205 11863 27818 12633 4424 8375 31019 24124 7088 13708 26817 9842 6753 24259 31613 18527 5757 29703 4394 12330 26846 21208 6427 14449 18429 17629 12071 25404 27922 8315 2545 7984 5245 22438 7789 27910 23909 26871 7327 31035 19615 26367 10662 32264 30417 2524 31482 404 5591 32521 14066 17513 3429 27515 16009
39
21481 17505 30321 27845 24427 21768 24631 15491 10310 13435 27920 2216 3846 13544 2812 6533 17358 27320 20054 32089 31213 25037 25095 1978 31153 14344 18425 24630 1152 16655 32207 25659 16164 5965 22995 24628 5735 15930 13359
87
14812 12385 13913 18700 16270 15081 11305 28321 25600 3908 26176 9758 27263 23070 15085 6055 6518 19396 20121 30224 14389 11992 8106 27448 6642 22344 2471 7832 23053 32128 924 2587 11673 23007 7616 4400 28183 5224 597 3614 16772 23739 32208 18841 919 15939 21050 4242 21572 1200 22998 23635 28548 17576 15620 16586 12888 23737 16229 5413 28939 659 26688 2720 696 12404 2596 9627 9741 1763 28111 19696 9038 30369 9295 25475 20381 18141 17511 8219 21880 19367 5940 6000 26243 24743 30736
51
31759 27575 23351 32700 28110 12969 4374 8260 7943 23247 2165 247 26049 5216 22973 7526 16608 19974 14087 9497 4180 23613 1513 32284 7568 12284 19343 20667 2109 24728 7950 137 27440 3301 5622 13991 19866 22430 24358 24898 13439 775 32741 19550 26730 28624 26414 14290 17246 829 19274
94
14468 1445 9015 6994 24951 24794 5554 9427 23138 3344 18019 1030 13623 11913 31316 5216 8168 14968 5308 9158 2581 5651 2505 10822 19943 11242 28316 10757 24636 27511 19094 19320 19460 26358 3538 2519 31978 887 20722 975 7480 28465 16927 17528 2804 21017 25419 6278 10319 27827 32185 17347 2881 6440 28352 10941 20589 25242 12748 17595 5450 9908 19365 27126 23940 30085 31476 20998 26528 9102 20995 22171 13536 16921 7620 20077 18534 29133 15893 5238 24987 17280 21314 3934 13778 6988 25803 19767 27945 18917 25960 1898 26288 20521
13
13846 21384 13175 21448 14247 28167 21411 15499 22737 21108 16344 22449 25419
83
10174 1696 2888 7448 15678 32059 14446 16386 15784 1984 8140 30299 20872 12963 18910 23869 15837 6643 24895 14437 11456 8054 24687 30951 26951 18171 19667 7200 4777 11500 8957 30445 2723 19235 22574 16666 8986 32766 5401 29982 20225 2998 3562 22533 23165 30700 7047 15789 28231 7557 31254 23861 25171 15544 20671 18867 9135 23397 26291 25381 12717 23977 10605 21419 30276 3247 26680 27891 32180 32713 26865 31220 20841 7103 14862 22751 31266 7271 26079 29010 27986 23669 27412
85
20373 7808 18286 1929 25271 23068 1742 32517 13994 7503 13649 27498 26861 620 27529 3156 24258 11645 493 19112 18051 6207 15569 1214 17209 24429 29845 26054 30315 30017 3612 19556 23604 23865 22399 1182 11672 21783 7427 22776 15640 3883 2633 16093 388 25044 11205 8769 17169 4165 9329 5253 7852 4229 27587 25243 21389 29369 10204 22122 3854 19878 30722 10100 10942 21618 17232 24246 4273 31146 24492 12751 14875 17290 9466 6501 31773 13688 16527 9925 5855 29393 23785 23753 15071
22
4095 30857 15948 20368 4615 19975 7498 15722 11325 18266 32691 14408 11673 25770 24032 11442 4051 15066 13042 15308 30666 608
41
5414 2132 27306 2747 9532 13766 13169 32327 7475 8533 5293 5146 16229 24317 310 10045 8200 561 3717 18383 23822 1578 3006 1531 3401 4222 2542 26919 10963 16884 14736 26478 31917 2455 16727 29009 17318 11785 29223 26025 11903
81
480 22860 29081 2672 8801 23581 28523 25711 26445 11486 21977 334 4464 22652 20526 10499 11123 22346 27778 3094 21331 162 20689 29792 14354 25039 18000 29459 8108 31786 3840 12282 2380 11908 14723 15874 16320 19908 26415 6394 28714 12497 14433 12439 6393 13235 21267 9403 25880 30197 14257 5878 18277 22605 22569 13646 27237 32127 9538 25147 18486 21118 1582 7670 32453 25044 28258 5363 13377 30277 1445 30636 8143 20655 5735 32673 2687 30005 13909 17821 23678
97
19770 2702 20213 24008 27047 30644 26749 30087 24489 7984 4545 26061 26848 6834 27142 19423 31820 22731 27367 10998 16 6050 18496 23702 18549 30696 1867 23323 2097 15374 4361 6805 5610 1973 17380 25557 10998 13158 18578 26056 32613 2179 11836 28932 26433 31101 4576 4513 21780 10824 21748 31562 26027 23820 10060 31635 22810 5918 26685 26253 7424 4654 8963 12697 19468 19906 10848 12409 18112 21731 6022 10413 18805 3093 12343 12028 9120 7053 30763 849 29779 18847 29106 24264 4103 22902 20890 26633 29592 16903 10835 16853 26769 20807 21073 26590 16042
59
19932 16015 30610 8993 29917 14819 21968 13306 27356 23685 25930 4014 26774 8978 31672 4714 409 6827 23110 32499 6814 19960 30349 29653 6680 876 20418 15292 1805 12491 9261 32034 2597 18410 6877 3370 1281 16567 13723 27084 13261 1144 7964 7987 3353 7768 10619 7267 21476 21791 4326 15135 4090 4673 22167 32522 24705 14874 18437
95
22904 1628 13303 30589 19546 8747 19307 6080 16887 8029 5623 23799 16898 30059 16768 16513 5933 24528 2279 2514 17132 4796 26086 18630 24187 10252 6715 18997 3362 22650 21513 15048 25528 21777 29051 27659 26982 21733 10154 28611 5549 11008 4289 32129 28586 30879 25951 22135 12953 20383 25916 7051 7065 22834 13072 18858 17582 21718 10160 20575 12556 904 24698 30372 28307 21300 3316 504 28822 24177 16304 21425 2016 5227 18035 28820 7161 7456 19861 9891 2469 19920 21163 17718 19118 16814 10852 6989 19171 27356 7601 12325 3681 12182 25129
22
26542 29099 5995 26482 20024 1349 3635 22681 15238 14164 21847 2422 15191 4333 3244 10584 21323 1660 1788 28595 3482 10155
73
7174 1670 27311 16808 9998 6620 29344 17979 7525 7912 20109 1923 6050 15920 28145 15327 9273 30638 3827 11945 4010 6702 26683 4795 31992 18935 9476 24113 25181 23213 26482 4977 15932 118 17702 7017 6231 7260 29201 5400 9026 10227 3461 15952 4632 1083 17810 22970 30316 12231 17551 13850 14978 10271 7415 15060 3007 31332 10103 7600 18783 18226 1860 9690 19302 15818 18610 8237 5593 21105 19971 26800 19501
11
12315 29570 2136 23015 28017 12515 26705 2278 11769 22529 17686
88
21339 20342 8786 17830 29603 7852 18369 12904 21363 21823 18758 18526 9020 3366 5898 15586 29055 20272 14772 19662 17215 6563 20095 6206 4278 14883 2448 27544 31303 32470 12934 6602 18868 710 20306 19411 5009 6535 29001 27013 3320 7705 22647 32649 27007 10511 24887 18083 21863 29169 28673 12343 24598 24544 20354 7181 27335 3448 13554 6993 28545 17403 24226 25822 13381 12715 212 24252 16012 24439 29904 24806 6897 10714 24116 5457 19754 16641 14988 6443 31804 29740 3874 17248 12015 19542 10520 13411
29
9139 4907 21911 23243 10490 7036 2424 6381 8320 24935 27517 11205 16510 28180 7364 14922 13604 6591 15909 9538 21041 18177 20071 15527 706 25425 14515 25678 27495
73
27595 29308 7471 28273 7567 8887 10796 9140 18771 7165 10974 13645 19898 1658 6806 5595 25905 15344 4314 20568 14874 6991 5805 6222 1579 14983 24849 10824 16656 27290 5321 4231 8792 16885 30563 8183 31374 8448 12662 16738 10150 25844 1577 23266 10396 15597 9204 28060 5207 21824 29355 15275 30675 19726 696 2651 24447 10777 423 21656 4068 16087 22505 422 12680 14021 21457 29714 29714 15614 1507 1256 27822
15
16166 13235 7678 31671 28529 1412 26554 11064 23559 27316 25237 14761 14581 11117 18721
69
4626 17478 9648 30731 16675 31125 22657 6312 8289 21464 12282 29871 9523 14830 25175 26880 31305 10198 18278 19137 19071 24073 6795 12626 13060 6925 7688 7299 8379 4935 891 19205 7393 6929 15784 21791 19697 14092 8057 24482 10692 1719 27715 31519 12797 15681 15691 855 7076 7324 24713 4851 18705 9939 5292 24438 1292 31133 18014 4463 18994 2098 13000 27891 6555 10077 4953 24138 9401
76
16105 20099 15043 11079 26272 18387 31918 24115 23829 19213 633 21673 16241 15106 13505 24993 11865 10516 17774 32049 22560 1690 11147 8461 29499 1414 4437 20042 15605 27717 26769 8295 20580 24806 6435 4493 27035 28543 32221 21526 26913 20428 9109 25933 11170 11802 32378 15732 2533 31587 2472 16652 5374 2235 1273 22352 25285 29162 17694 18947 32390 7003 18927 21099 20986 18229 3840 30622 6774 1479 19061 8700 15971 1321 3607 2045
73
32423 22573 512 27715 5490 17524 20593 22364 8229 21147 25721 1041 29411 5644 5223 32196 149 14041 9621 31671 19841 27136 29595 15220 28703 16110 6083 23148 5159 26177 9405 29406 13295 21970 19092 32762 31732 28147 30433 19783 3254 1013 17727 30018 3786 30190 21502 13128 19754 11192 20764 3253 18895 10557 21360 5454 130 5618 21545 21212 19439 23970 23671 1050 8443 20077 15240 20177 5207 22544 22710 6466 24149
64
4804 20731 24880 30389 12206 29783 785 32374 7287 15633 10717 31839 27676 4423 1555 30333 1474 3988 32679 10628 5533 19570 19973 20676 1296 31171 20820 10840 15894 11434 4343 2977 15840 13727 858 6643 15040 16067 747 31629 24901 9328 5222 5327 27816 15381 25174 9639 7782 32065 4569 23373 22831 16637 21667 10800 25343 2911 23621 1072 4747 4956 4783 16141
23
15348 16159 28740 30998 25934 14920 9575 16660 17762 10024 6072 7829 29125 11407 23568 30492 3518 9528 21655 3396 22094 2996 15590
88
25252 16744 12820 5783 27947 9734 10975 7815 19363 16387 29690 22595 20623 18212 6180 19800 8657 16917 23150 28519 31262 4616 9037 8416 7854 24991 17390 15118 23864 31500 969 13652 9757 18807 11385 20918 5860 2463 1995 29338 2278 28101 1045 32208 30794 14534 29385 28881 22324 5255 5449 2628 8506 10133 27645 11463 17176 11789 31652 24299 10916 6586 31975 3200 4868 32126 10804 27924 24862 18419 8137 13238 9296 4433 527 27648 3937 147 24106 10324 32184 3029 30926 25957 22732 6145 32596 18169
71
20237 4590 9184 10552 18134 1915 20927 1094 22252 1465 5314 9800 17154 4450 12105 5745 19089 11480 6077 14548 11120 8297 12229 30921 12964 6097 31677 29330 20345 14592 28260 24638 23762 6174 7380 19918 5309 11469 28344 22679 25162 11438 7865 32231 1438 28454 7993 15595 15939 15970 14148 4048 28610 14744 27587 41 29812 11408 2291 23185 4757 100 24598 17809 18330 10628 3433 16324 24004 14076 23125
95
26362 4073 15384 16324 25738 19848 6280 16844 4773 14303 18385 1097 2154 5146 6846 29669 8875 9048 1862 17103 20139 21084 26986 13838 29222 4485 19297 23829 5266 26880 30963 26519 11685 7484 25123 3484 15639 30622 4368 15829 4009 1911 14109 1580 21862 28467 5456 27296 27945 4563 17400 7760 2399 13469 7571 21205 4622 26897 20718 4565 26647 21280 24206 21717 28088 8089 1359 20303 30804 16100 25163 7941 3959 14322 18429 22164 7445 10100 4263 5708 29458 16203 28656 10047 18951 23104 2002 19608 7492 30710 17587 16175 2065 13596 17618
43
5095 20197 10501 18890 10432 7169 22021 24598 32570 30905 6825 4093 19270 394 14482 3951 15018 32375 9157 24108 31407 8688 22015 7118 17946 12024 27721 32522 3934 19079 17099 21043 6928 31789 741 6399 7835 8697 22396 17294 14133 23449 15250
27
12482 5914 4423 14039 30419 7690 18261 12625 14773 9649 2486 32615 11269 25675 2953 17997 25205 20179 5291 31227 24175 2328 381 28126 11260 7187 28648
18
26232 15774 830 15128 31627 15266 2746 29772 25653 15114 32142 28904 30295 22276 29636 27681 13918 8215
24
30488 3243 6544 23283 11206 21196 18415 17874 8306 3883 5353 25828 3202 23909 10292 4433 13198 17800 12603 9772 2159 8916 17102 15699
15
5912 13206 13738 25403 20434 14363 2882 27450 1719 27392 7957 4210 16952 20291 25920
93
5087 25305 29319 23130 30776 4298 23042 18754 20409 24799 7225 18553 26812 6429 5102 333 23210 31062 12157 24376 32611 24314 21857 29272 7136 23344 29177 22047 31767 28453 4748 28748 1566 25252 12684 7194 2196 26856 6167 5559 18493 1966 30915 14839 4332 29838 10139 28234 19878 23690 4965 17644 27652 18920 25639 12635 3801 7229 25321 24846 21525 18123 3771 3172 12777 18700 762 21467 12076 5519 4816 32130 31486 23299 15866 9905 10155 25490 25294 15863 3282 32368 20860 22868 5318 10163 9364 15528 31028 25189 712 9324 13062
71
10400 8584 5945 859 19460 11465 29800 20787 2955 26437 32007 9573 525 29376 13521 31118 29756 11381 16941 24649 22745 25712 22531 6064 12584 9273 29135 9504 17825 18610 5620 24125 6888 29506 4690 822 13055 5683 26394 20043 28347 8281 21473 7308 9076 3061 15092 5091 14593 21720 20204 27220 25571 6604 16002 12932 20417 27951 21156 20856 19989 6369 13000 416 23844 22881 17280 1812 6963 21554 21326
91
19844 2490 17655 17999 24848 19619 19925 22574 16964 4051 20006 32475 18336 17110 24087 32092 17760 20747 17241 11056 31579 26619 28196 3388 6699 30698 18300 31496 9102 8876 13491 9259 10764 3258 29743 2564 13274 17541 14189 16811 17663 13322 7750 4647 21685 20647 30577 17122 12818 32045 27210 11866 7143 21046 28113 27928 4073 16569 12534 11494 5390 17115 22548 2109 1338 3848 13243 29181 6683 323 21682 2400 16721 11962 8508 27185 31699 22430 20379 19769 19598 11057 27091 3323 31311 4641 16048 25249 10466 29460 25610
39
9604 11848 25876 16982 1741 16675 26016 32155 25988 7597 26422 12164 14091 20881 14176 19393 19298 11164 27979 16924 29504 6524 24699 27225 19555 4808 30653 26464 10276 13633 25693 17822 16462 30296 7578 22696 11824 3568 12375
13
29623 25923 25815 30878 6195 12644 9200 24610 17786 1885 27873 30715 11305
89
3736 29126 23023 29509 23810 15619 18946 19946 27572 22337 16777 18647 14766 1876 24726 26143 22981 2438 21466 15109 31293 18654 14545 4963 2713 15778 4666 25677 29618 5402 24778 20977 5639 1687 13345 19649 596 31156 18429 2517 8294 25052 430 23178 14381 29452 25034 10096 4371 5082 15905 4707 7052 12471 22515 1015 22766 21617 8801 10266 30084 10748 19746 7668 18653 19313 26487 24338 12394 599 12129 8644 30793 23842 24849 15043 18011 15865 6816 16919 15260 18108 10240 32568 16308 17990 19251 24692 10953
97
400 16792 15957 8273 1458 14276 11869 18905 18559 11373 10100 11926 10880 21765 17435 3738 31946 19039 21922 25217 20446 11273 18995 14687 10702 3548 13331 13047 26529 25553 22053 27182 19961 24599 22960 25535 3315 30562 4449 21807 15183 32645 28052 22532 3281 7235 1487 23858 18406 28258 23439 29910 16011 14594 14920 15910 20075 28973 22695 5032 11335 27567 7962 18339 32411 7464 14226 1236 2943 8287 19080 10081 32203 30425 3390 8723 1406 14251 1351 17343 22369 8332 9545 28933 20455 15662 9986 9789 15704 6351 18057 21935 5422 11787 17110 30210 6336
46
21752 11549 20324 9175 600 27195 9106 29434 26411 9553 5348 6538 23850 31361 4868 15447 23160 6586 5942 5225 1421 23261 30697 17473 17778 23838 6795 4706 8756 13742 30626 11536 2451 29079 9497 23384 19450 28391 23255 16208 26036 20752 9623 3488 26716 5263
16
6293 1484 10689 31365 5116 8001 17827 19544 4955 4831 9434 21189 7456 685 347 16316
20
17957 8978 3632 3606 13777 18121 16406 16772 24427 8338 18492 7378 21888 31888 30406 20964 23416 17759 11635 5838
90
21457 6456 17566 15623 23469 16647 583 2831 27086 1594 23345 8461 30435 24081 4520 4588 31929 885 15369 1383 945 7828 24020 15563 9330 4044 5891 21758 20955 25034 23962 27072 32571 9971 30080 32305 30405 17922 6797 20115 29758 31219 4324 28498 22521 2337 3971 23873 1541 30635 14616 25383 17829 14619 5910 30842 13568 9546 19209 32106 9498 13438 27175 30754 29187 18134 14119 14154 11087 31464 11862 32208 8389 22440 6119 7144 10076 19852 5258 6481 10851 21229 22593 21722 23807 8113 1903 15654 8154 19495
95
28442 22322 27123 769 27792 22442 3388 32090 23090 23807 26057 16461 6348 17183 9441 10455 32498 32154 18919 27299 7225 7684 7980 27017 15527 6556 30983 19542 16487 4650 27432 11467 7105 9774 26665 2280 4938 3126 32614 22890 2136 32144 11535 29074 27065 13345 28795 3112 7333 32661 7359 10688 29168 13753 6016 9276 31620 548 31237 7058 22031 22813 18576 8143 15097 4537 13295 15452 28313 27460 6478 18560 24232 482 13391 8487 1270 30326 14173 12258 25179 19907 15933 25390 9713 19154 20197 31737 21632 18579 23698 21602 1082 22214 277
12
14854 23153 28127 24888 6964 6742 6686 21999 6383 13507 6716 18590
72
4397 24316 16287 21941 26849 30404 24537 29069 1549 6761 7087 251 26925 11782 22048 27928 24778 26771 17036 21197 12536 27999 26722 2022 21540 6586 2552 30312 14604 23282 29370 16933 8719 8322 28807 27789 2471 16005 31832 27335 12340 21617 22051 25089 14075 3073 6143 32260 27758 17523 1160 5643 11694 32244 5253 5077 334 6489 1992 20729 20314 16399 32086 24186 23191 2133 22216 27291 24333 10664 27377 14580
10
13243 555 222 12142 10675 22325 12083 9565 10596 1772
20
9166 17256 23431 19479 13968 19930 8782 15021 16974 17252 6564 26122 16469 11310 3301 171 7042 182 10085 2599
30
30129 23395 22672 15470 3095 17157 9582 15817 30312 17963 11761 26016 21756 22876 21459 4313 19191 9663 9202 16359 8651 11914 13815 2018 17918 27326 12085 6621 302 10002
27
5458 17452 6446 5028 7490 9495 12409 13024 22138 25074 14503 30048 14362 4837 12426 18621 31538 18266 31292 5563 30781 32105 17598 4965 32235 11667 14559
63
16052 27999 26233 26185 30259 26197 3200 29629 14460 9166 31321 7588 11696 951 21328 746 7834 31485 2733 4999 7654 27122 30344 10242 20877 4083 1247 12852 28820 25160 18150 27471 18678 19019 18078 8991 25055 3788 23209 5263 3610 27829 27741 25454 717 8938 25623 10099 18020 30067 12242 10367 3019 27613 6136 12323 19936 20189 22135 5218 16168 10551 9240
11
20446 12301 14939 23447 13661 13768 30912 23259 3189 9492 29537
51
4190 3006 30761 30262 21843 673 22385 19653 13233 935 14665 19654 18006 2556 2230 24437 4766 614 18683 24162 8683 20101 7109 20686 22917 3417 30630 6232 1189 19716 8900 20697 17612 2513 17875 26508 23641 7798 11072 11634 1883 2454 32431 26868 22180 11402 8360 10955 16671 26465 25229
36
13861 16080 11240 1415 13152 24930 14756 12088 9183 5231 11044 29194 28598 25928 18366 27148 11397 5537 683 21663 7417 11516 5808 19848 18837 15973 1278 25155 5810 13920 31576 28570 31684 17696 25971 32119
