96
16
20203 19337 17060 17570 15916 29360 21162 22362 17373 5455 2041 14119 8074 8780 19760 15929
56
24563 29365 29426 9313 9871 5568 31600 13132 2273 10456 24124 22497 20596 23915 7397 3077 21481 8866 20664 3936 29084 17790 6790 10255 7556 22311 16296 23449 1627 19841 6207 13349 5631 4607 12992 26090 20761 29372 20657 26854 23036 10696 8365 23251 6864 28351 22958 15703 23279 18081 7052 25723 17295 1501 14528 10590
28
19822 13611 8954 26028 18339 30792 9393 24220 17627 8656 14536 4999 26822 11076 1294 7187 4427 19581 11587 27405 3022 27621 21118 24645 12206 24295 8652 11423
65
13850 15463 18150 21736 20821 7141 8992 9564 12495 2609 13384 22269 229 11849 16695 8652 13279 8801 26655 9415 16407 18810 28107 2073 2398 9014 4648 3982 31131 4587 3589 12617 3253 18166 7703 1209 21427 18770 16192 7625 13090 19049 16 10327 24759 15657 2957 22504 25654 25435 20783 32666 8082 17712 28207 26202 8790 18205 15362 11094 19523 20969 10272 20149 827
28
12934 94 2843 25738 10231 30834 22761 6972 23752 9096 32336 11599 15615 26588 2472 27781 7388 11262 23895 12161 16143 5167 1954 6722 2857 12046 19651 20459
13
5947 29125 28728 16796 17001 3974 28239 8583 29532 27860 24375 10398 29670
73
25754 17393 20009 24695 22945 21782 2122 11938 10673 9324 3570 11246 19266 9886 14574 25475 4903 14913 5714 29621 5558 5220 28861 32567 9000 23400 20446 16011 25411 25618 4407 17853 21558 17630 32289 21073 12484 13206 785 13690 420 24868 27673 11917 24104 18341 19122 18868 8222 7870 26808 5863 3828 27187 27830 19736 17951 22197 4964 11694 23228 22780 8814 15413 1144 17174 30839 7764 19886 17407 24158 14335 3792
69
22509 14600 23549 8382 2125 13343 15707 7936 22453 21405 28927 7161 11867 10034 12012 31341 903 10836 8397 10545 1864 5930 31042 11571 5223 24745 5496 3258 32409 6141 23804 32750 4344 16682 21457 2714 20660 23283 4800 25393 22534 7675 6639 19215 23910 14122 12725 15362 15102 338 19885 3849 2654 530 9737 91 10353 11771 31529 13483 13744 14322 14189 9131 26261 28629 25415 3023 14419
81
21331 24004 15444 6700 31359 30883 15054 12471 810 29435 8957 13763 29053 3295 3834 3092 18937 29276 3565 3131 12475 28076 23928 26731 3583 2476 21075 647 23524 14481 13363 26751 367 21206 4337 27357 24273 632 19176 411 28397 28262 26271 29496 8725 14899 23464 29195 22036 11791 27847 9174 3954 6901 19287 18334 22515 20262 2538 28090 26209 11989 8752 30251 29579 17700 4634 18731 24718 24911 21566 32264 4691 5159 14206 25651 9817 8643 23012 8852 25781
80
24865 4951 5619 6231 12463 3726 12265 19427 9480 19151 23689 6687 21821 9138 26262 18966 13886 7229 24463 6042 935 29797 28455 5346 10973 14290 14069 20344 27738 10723 7789 15443 10053 13042 6927 12095 838 13017 18654 24966 27800 23732 26388 19401 5728 32745 3348 22319 30525 25190 11168 10690 29728 4138 11852 4629 11614 17415 20786 22058 8707 19878 32488 27028 7530 6347 19119 20185 8970 14810 23277 10266 19603 9115 22494 15094 20026 27194 12934 27563
13
22506 29566 13594 21674 9343 22110 5597 27776 11235 23492 6712 27654 10443
85
9067 10557 2539 30628 3227 19199 4329 4384 23305 7247 16237 5491 14508 29908 19923 23969 21575 23253 12696 12350 9454 18601 7428 21122 1734 26222 8716 12192 5388 3070 31862 2644 25945 7967 18238 27835 2084 8698 8505 19048 29320 1487 1272 2228 13639 5606 22511 24917 9488 3785 29910 21299 22525 13744 13648 5495 7264 1085 16075 16612 19647 15465 5799 9066 9501 30911 16794 29176 32123 3272 29267 19603 3487 18886 2909 18597 7700 31652 30791 30103 19058 12846 8706 4001 14560
27
21729 27350 27830 7112 12459 2856 29173 21944 12577 23872 26243 1991 31491 12714 23631 12671 12232 983 412 9829 31213 9498 12279 12578 13197 6391 26476
43
1693 2553 31738 19179 25521 27459 30413 26014 15437 2184 17904 11936 15433 31957 31884 32643 23993 1401 8196 20527 24758 10937 32216 17716 28770 24773 6346 30815 6438 13547 28991 12172 29758 23307 11495 30138 11384 12107 24992 19045 16440 11 1944
55
13340 22194 31521 11950 8492 4908 19953 25542 9861 3454 22308 6642 24568 22917 25910 1927 1299 224 2647 10442 18587 13467 6009 7859 19510 16906 19879 27377 31847 20216 14744 11565 26815 8450 28036 17811 27730 29757 3382 143 14953 9503 24675 12244 9078 12700 24378 21667 9805 21903 27964 16202 8592 18012 13902
15
21324 12765 14142 27150 22065 23490 9747 19270 20396 9514 143 3825 9605 29260 6494
97
17151 14669 10372 7663 2090 28403 31576 16472 28028 407 739 21913 27485 2894 9968 17433 13604 32356 11182 11808 22410 6653 25534 11161 7006 4604 18571 20759 123 28196 27866 10263 25848 25725 32162 31877 11422 13050 17693 9089 31903 15448 25631 8034 24452 27721 13735 17659 25960 9938 4275 17950 5220 18162 23641 17759 15690 28804 10772 22298 2198 14694 19036 5048 20385 28123 3961 7981 5656 29742 12952 18885 14253 5017 3871 11809 7692 8804 10302 28796 4881 24401 11462 820 824 31288 27967 5253 17493 4079 30773 2455 13445 7532 20690 10939 17764
15
25841 18304 18905 7666 17583 2574 25888 2698 3549 8924 23015 6621 5412 29319 10921
8
5476 22999 11805 19549 24726 22126 7945 16835
45
18311 24195 10613 11867 28197 1094 16025 25068 26565 4786 30894 32221 18069 10894 12145 3282 30018 11303 8459 30491 4713 29938 18730 19834 8271 8306 11862 12589 23761 20572 6531 32040 21918 16378 27618 5283 3235 9933 1789 31444 16583 11894 31491 6142 11993
79
20394 24262 11125 31121 19508 20752 28960 22071 9098 8315 10967 14442 14641 27658 24294 9039 393 7465 15697 493 2641 24108 3189 28988 27757 21752 18669 28799 2791 30208 31923 27604 17205 884 4487 21770 29370 3252 8853 16050 30095 523 4434 11641 642 12442 24999 5045 2143 14994 8529 11069 28783 24487 24200 8574 27199 10689 29150 18891 9378 20980 8043 18933 6137 29106 21287 29980 17842 21567 31895 18628 4367 31846 19884 16427 5417 12907 24808
27
11840 2754 11131 7172 12795 23116 32746 23504 10376 3347 31631 10039 7323 31302 29418 12928 7145 14619 8047 5158 23192 1647 32405 30612 10996 11693 10026
60
30960 2281 31631 23707 27756 19022 22041 6674 20746 14505 23723 7862 21074 32370 18604 21471 13198 5084 11090 22658 24620 7596 8477 30375 23397 11852 24229 3357 21276 7451 31382 16748 23049 26632 6393 3595 3350 21343 23477 211 10249 15330 15445 15796 19812 20252 13067 6567 1417 7666 20213 25059 14626 15739 9120 9044 10944 27154 12235 1609
92
8557 4717 18553 25184 6905 28408 1930 5718 24032 29478 22675 15806 32343 6889 24081 28214 1116 13274 16001 18005 7667 22134 2245 20611 18102 32647 14282 2062 2188 24032 6504 13434 14777 10317 7305 3864 23575 4042 19086 26330 418 8691 28654 13925 23098 12220 14368 24680 20133 3170 16572 1580 19668 14498 26589 11373 10599 20008 22985 8809 14963 16202 8660 24374 3970 16118 17025 18776 27355 25833 6379 7315 24580 25122 3939 25086 15238 22935 25435 11865 6128 12582 643 6816 17438 28366 17201 10976 24251 30239 31750 5962
78
16079 11142 25296 13903 15017 12362 2510 18110 2409 4906 1549 11420 27706 16562 16833 23009 15240 25778 23108 21518 3613 1241 8283 17252 23434 10629 28091 596 7625 2266 29644 16696 13856 26642 26540 4672 6472 10003 12151 29103 1743 10823 29894 7751 20411 5800 16501 22017 28784 5146 938 19202 468 2558 12818 25803 17840 2564 20846 8624 21082 23872 8783 11403 8593 26497 17949 31409 1704 21726 1630 1573 20455 17809 8501 30732 5934 27657
56
1499 20794 30248 4074 4078 13112 32204 25963 27243 12804 30941 10009 16640 16037 30742 14161 28392 123 6700 15242 16143 9425 27916 2185 30583 19633 29796 7892 13274 3324 31078 19304 21393 13498 1993 16558 32436 19886 15376 15276 1667 2861 18190 2424 9476 6961 19114 243 24558 3498 29664 17587 4806 17940 30216 24897
23
19291 7045 11016 2474 24243 894 1369 23361 658 7991 10350 27273 22886 16886 10943 809 4875 25526 19886 9483 9106 3287 2667
24
10773 26133 11216 26586 23735 20770 20753 30497 6920 5632 13882 4760 13579 6908 25975 9357 4459 31588 24304 30294 14001 15336 2973 10204
18
17662 20095 9659 17593 14808 25505 3210 6649 10334 11145 24488 28760 17744 18115 16644 5984 16933 192
87
22874 31443 21196 23715 29962 2176 31953 1459 9151 8438 24302 4379 20360 2522 23752 30270 27467 8006 925 26801 2653 23826 32378 19357 5712 3410 6830 29797 5900 16415 28798 137 16673 28827 1050 17099 15964 31535 29392 2960 25753 18711 128 20616 20183 21793 6480 30609 3218 28081 7072 18649 23373 22537 32321 19523 7790 14535 9953 5645 2382 26031 1226 18095 12177 1195 17357 16902 28595 7184 11128 25009 27620 30755 32400 9916 1302 2524 28347 11899 3156 8938 30844 28345 7765 13046 15204
46
27180 8839 26014 32019 25848 28974 21712 21840 17677 1995 6301 28215 23468 30002 15584 15177 18723 10245 18173 30827 13716 21616 21700 23865 1783 25111 8857 6814 14434 30285 15570 22177 13960 28295 24673 6786 25985 24336 20147 26374 13257 27134 6360 25359 24202 612
56
19230 28617 30868 29438 6607 9689 30772 30187 21986 17499 16577 23375 26325 21347 15947 4616 9956 4041 6046 19908 17106 23513 11297 7516 18149 10316 10494 15204 32051 27000 31107 19712 284 27843 5833 760 11288 8797 31379 20751 16307 12079 14712 12177 28885 23310 2117 6956 14407 12085 12445 18176 3187 22770 14562 13561
11
23124 14904 18920 25266 32501 31669 16523 29107 3183 27154 24152
91
29638 13679 66 2961 5306 27825 27757 28807 19392 28463 25218 14550 2400 12257 31723 346 31707 21916 28542 25498 23658 25406 26858 32671 8647 12332 28501 22530 15342 17662 8003 13385 15653 28792 15290 32116 5178 10428 23204 18642 15372 3263 12404 1305 1100 6650 16140 32182 22405 27234 27614 10338 8794 3737 16722 28918 16400 22630 24424 30592 4172 10595 24479 29846 6685 6645 12309 14314 24636 3201 10735 29983 19091 221 26363 21211 18685 15365 6804 28702 4941 6160 29127 21458 10897 4194 16052 31395 32664 24098 29494
72
14575 11974 22466 8374 4046 25500 18461 29001 20071 22296 7958 6750 626 353 20548 27898 30060 4172 29497 32569 3726 4479 21778 18326 4351 2006 18509 32103 2633 28677 9947 25255 1290 30847 14966 23288 21484 28823 32565 29672 2262 13029 29790 17012 27748 3820 28539 14795 2453 30201 9648 24404 8644 28494 24395 32753 7386 6016 2461 19078 18881 12062 6921 29621 796 31891 32090 18156 3125 1358 29273 18594
17
9888 19933 15773 13029 26281 11512 8170 30054 10794 27555 18842 17278 27045 3627 9305 15484 29242
33
7625 11201 11620 3213 20171 1301 22169 658 25608 31410 1022 17648 23951 27523 15266 6403 9364 12277 30729 17361 3162 10064 20528 8697 23126 12103 24779 31718 6545 14798 23249 27208 15694
51
24261 22253 14928 28680 9451 25359 13672 28292 28522 29179 31920 32458 17792 12096 2440 135 25780 3228 18378 11522 27335 5149 12122 6745 23528 9606 7166 1037 22823 8948 22384 31937 6956 20673 2482 27967 1321 27817 930 1212 25613 16427 6094 32349 11771 12850 30089 24570 22010 7157 14911
57
25884 11525 4446 24775 11044 22644 18617 30456 30724 30392 17793 18218 19473 25572 7240 22834 32543 2696 30511 12609 15593 32390 5476 24923 8371 14881 25576 20235 13357 12631 5014 340 21915 12145 20577 2794 18739 13016 32221 25763 31174 15146 7425 19496 11427 15757 16171 31472 11449 13124 10852 18799 12539 30336 4837 4746 521
44
27471 8972 25531 8552 739 481 453 5610 16059 29307 29393 27775 26383 31106 20719 7881 30604 10816 3926 3054 26698 7102 11003 14051 765 14634 18787 14827 6255 29052 14773 4954 10798 2650 3091 12191 23681 6712 13098 21633 17569 28099 25608 20905
17
10286 6753 31424 20656 21991 11419 17191 1656 25304 26933 6229 17982 17623 16763 28146 7766 21761
89
24542 26886 8772 536 25318 5832 12975 18692 21973 22053 24162 29135 7175 29968 4946 27434 32699 4583 16185 20849 15149 4096 16865 10205 7423 14982 21663 12795 19421 2435 2845 349 28001 15677 20829 2959 13364 17350 2811 23628 6519 7375 14259 14322 17761 12221 16674 16948 27433 18431 21969 32015 7206 11166 30063 13311 22069 21 4702 10098 20827 29028 27762 3197 20651 20320 2293 13518 31338 5453 27630 29410 31602 4014 30370 3704 31188 5212 3932 23877 6849 214 30314 21481 8107 29400 27752 8994 24231
18
13631 6678 27339 1906 8152 31620 27158 2321 23997 13776 10884 6158 25900 4749 2667 10298 28231 28329
94
32196 27212 18709 6924 2023 20483 26326 17235 16301 30494 25978 19918 26187 9559 6113 5543 11990 13236 23559 1467 2628 31406 26260 1510 28563 18834 27822 19840 29768 27944 8210 16167 18715 2451 12643 12735 28401 19320 19649 19128 14346 13410 17566 19855 27004 1637 24269 1176 4320 4866 30684 9978 25163 29003 28836 24571 12928 24391 6686 23422 24931 21144 4985 31689 18609 31835 20073 7308 751 17488 11713 1823 7840 32571 29252 31756 4539 25738 27064 30157 348 1847 5181 2263 12730 22000 13277 1239 12889 26230 31332 15163 6785 4163
55
27118 6767 14542 12666 25033 212 22269 12561 27095 5233 22548 15436 22001 31500 9930 16079 8116 21019 3025 15192 26745 30949 24423 1793 22407 17893 31016 18879 10376 11119 21030 26671 32314 3990 3387 14994 19815 23372 22942 13589 29719 1227 25525 25943 20740 6452 18474 26917 28494 2422 15681 17032 6768 15986 26217
10
5121 28029 9532 28437 17725 21217 14350 25322 1308 24678
37
26949 10541 26238 23072 21610 7723 11899 11908 28272 13764 13551 14501 26576 12700 31682 24162 3133 30378 15323 32144 26759 11150 23082 7407 1983 4388 11756 10589 2972 18777 31786 4938 9245 61 19587 24684 10864
39
1460 25363 21317 11317 7552 11065 7026 1038 19986 5487 31820 18761 29761 14719 25477 21409 26222 15252 11947 27708 25530 20128 13309 813 886 13819 19836 24125 14556 2637 6725 9451 16124 17837 27165 28081 248 23306 1870
55
23754 21170 17072 3145 30386 26125 16298 24953 16134 12447 902 104 8945 16890 6755 21577 29222 14098 18739 31446 19912 32147 5055 16964 32392 24951 25580 17270 30221 6359 13884 27761 32664 16897 28567 3856 25576 1996 16460 18424 1115 24616 14419 20943 12631 6393 28885 6313 16360 10022 28397 8643 8874 27628 9137
25
25721 11628 10592 20232 30646 15918 16623 12063 22116 19335 10750 6376 8554 27535 30676 4572 19053 809 3671 30361 25250 10633 1919 6791 19424
17
2747 32762 9415 31348 30748 25163 7355 23328 3268 20370 25959 6359 12457 24577 1543 28283 380
70
29427 465 16535 4243 20584 17281 19612 23433 31668 4428 5993 29903 23 23491 22626 23307 13100 28006 3606 14433 25884 10761 20500 15600 24850 23932 29440 671 20975 23914 13030 24089 24382 642 22477 16662 5738 15573 2192 4573 29742 18303 16361 7174 8782 16266 6095 32389 15749 8719 24322 15076 14270 30110 11492 18896 10887 8928 26506 22743 11714 16507 28691 5488 1693 22070 26936 10556 17093 23390
86
5079 29800 16263 3106 32536 13271 25831 15164 13669 25185 4150 4814 10093 4685 7593 1295 10781 543 22983 21560 16220 4727 12224 22408 22265 21303 4608 4492 7137 27620 20740 31645 8598 25423 21612 10922 1500 2676 27218 12600 23222 3746 8411 25254 27792 30428 24075 23478 14526 4224 10718 29769 10277 3878 24212 32362 25144 25547 13132 30350 19495 3887 21716 2330 2130 29563 192 4390 2564 26919 22201 29825 4446 6939 21528 245 9105 28180 11700 11980 21329 30538 31735 27794 28038 18000
64
24132 1595 29252 2251 25085 14854 6462 20235 22261 6197 2730 3359 17143 18873 23748 3360 24903 4116 12566 30786 19671 5821 20553 21337 6845 29638 14396 9372 30949 7100 20563 9897 9475 19663 14354 11466 20428 13618 25578 7287 16486 22725 31826 8220 19485 31218 13082 30492 30295 2516 764 1813 19658 25503 3445 4710 21484 22332 2771 14318 6059 18227 142 8215
81
12763 31507 27645 7548 32383 13414 7053 20595 9185 32677 9438 7065 5220 8829 8312 14501 22771 8182 27602 7041 12510 10489 26565 1779 25572 30225 31553 21629 31377 28270 11839 29570 20682 16431 28918 25513 13990 19937 25426 11911 4991 5442 12450 9336 16201 29515 21393 24781 1571 26990 22103 22829 2604 18461 25392 31797 30616 25227 14605 9058 16131 12214 22666 23601 18948 31909 32033 19588 24070 5102 13981 13896 8531 32380 14033 24149 30322 16783 10121 23189 8627
78
2921 27912 5335 30485 17480 15894 13542 19065 26538 21132 30200 7466 31268 5812 25853 4837 28884 19016 9624 22614 16127 26502 3290 25299 26361 134 22865 22602 4677 1740 11329 13176 29950 12570 10289 30812 117 29575 22697 3308 10524 15829 18235 2566 17315 29696 25024 6313 15712 21779 5604 12133 13300 17471 17893 17424 12332 10286 31383 17851 2085 21653 30380 29412 11444 12809 3890 24558 26116 6163 27997 16846 17281 3462 7559 20742 17141 25360
70
29425 23568 27612 18098 5231 22951 25379 19953 32693 15378 22891 29636 20605 28215 5069 5998 7506 20349 19170 19121 15933 28641 18057 3718 26273 21063 26340 18450 5732 10509 16036 470 9807 16614 8839 19750 29624 3558 21022 22492 28510 3801 7636 2637 5012 31449 11820 16764 1442 27936 20554 31118 26216 794 27573 31870 5700 8382 1371 26898 28726 20255 29654 9742 16450 26942 10477 5543 30998 2851
19
27885 30508 25563 21822 3507 26020 9298 30072 30826 29335 2161 20845 20428 7653 6250 31005 10802 4502 20211
59
8813 26513 15335 32146 16064 25111 5918 24531 16263 24425 15732 14891 20402 15238 17535 3874 24000 2246 7112 23667 19341 20576 23351 32690 20587 15406 21963 20018 16757 3509 17550 25638 13344 1632 7625 28422 12051 9484 27764 30517 23865 23753 15344 27872 30484 10463 27641 31785 22100 8720 214 27781 26536 31005 17362 3938 28372 31372 18416
47
32679 9947 18132 22879 28872 2588 31080 11232 15572 21647 8837 23137 27142 24 28372 20473 9198 914 19728 1672 27321 21768 14184 14992 18354 23592 11300 4423 11017 26868 6540 25834 22227 699 16645 11091 31571 9032 21886 10958 26744 12889 22794 28969 30886 21843 32206
37
26419 3614 27013 4424 11464 8163 15342 29990 6432 5952 5100 22831 13888 15477 9679 14657 1559 26883 1828 11912 28597 4113 9606 23295 3257 9742 8119 11827 27400 11160 13551 26443 5829 24476 15987 30789 125
21
11906 5025 9725 5868 17541 4410 26256 16477 16632 728 26900 3577 18159 22987 2536 6575 15217 3734 10455 10291 25653
33
6735 25513 13870 30162 2170 13880 11406 30916 15531 5325 2197 16805 32367 24723 16203 26535 25914 31744 28388 32641 9466 13585 12275 30669 2290 9431 1754 5294 4294 10290 2437 20151 25554
10
22786 3619 28585 22730 762 26526 5192 12792 5007 3526
13
16186 1056 27933 13836 3771 27813 21428 12817 23180 23507 22406 22215 28455
45
7752 21326 14812 25345 18447 21150 13367 16460 11102 5735 514 25789 2268 16571 20692 19483 8067 15813 8445 26377 2233 16220 8904 4921 8125 5848 30973 25565 30789 24869 1194 20062 10342 14614 7715 3921 27059 25595 24392 23463 21929 11381 25350 12835 16715
70
24850 31753 8180 13616 5174 30182 958 29673 32515 4314 12306 18846 30478 8565 26445 28424 4802 25286 15701 6468 8276 24955 26156 24091 2298 8777 21189 11654 29784 1935 4118 1137 16443 14902 7278 15552 8330 6619 9993 7824 31610 30768 28130 5823 22016 9119 11720 13998 25740 1329 22708 24901 5108 21935 1626 18744 7854 11783 21246 9353 579 30448 8329 14671 26880 31697 28124 10165 23535 9439
52
20742 7302 7150 7527 27037 25611 9405 11044 29990 7023 2010 8240 3096 150 13740 27944 22316 27049 31432 32536 22220 16056 8970 9792 16072 13988 21221 23064 14924 23356 2807 32401 11279 6310 2529 3742 16076 23553 85 20467 23030 1352 19313 29708 20136 12409 10571 19058 20699 6647 7117 26682
26
28099 26830 2300 13429 3634 11248 21384 5432 13803 13563 7421 23382 2913 3948 1653 6344 14520 23714 3174 30340 10270 28386 17803 18336 23134 5534
56
2994 32503 29528 30873 6873 21120 29442 4877 26218 26949 25485 16156 5224 18188 6200 10079 30742 14554 5504 15273 2573 15545 27100 30442 9867 5817 32427 15443 1550 14133 30059 4027 9250 22103 25899 11586 2167 26846 3139 17460 9782 21023 19010 22832 17813 30538 30248 5001 11178 6127 25814 31212 29820 4033 13250 25155
96
11247 6362 11651 19390 20765 704 17091 30051 28989 16241 22723 25969 18471 3505 7230 6791 2959 30651 11419 15423 29493 2715 1474 11700 4445 7385 15407 10561 3967 26711 16196 18827 9023 31612 5604 9153 20383 17810 18749 22306 18036 17005 29157 13760 32279 2382 6953 27268 20316 17159 28834 16499 12232 19295 27145 28463 23550 439 26955 4289 1659 3310 32480 9365 24195 5763 18521 17350 859 16633 7481 27293 14265 23936 32262 31572 27001 9425 31136 24095 24977 30554 31953 25197 12359 26779 16420 17770 10658 6608 18427 457 1566 10192 10972 19650
10
25630 19896 9864 2605 18485 31143 28512 18938 14601 6328
75
6134 17063 16915 17729 30610 11397 27565 3870 20796 22525 9499 32656 14584 18396 27018 23134 890 24017 13438 2895 4736 17776 20676 2378 15205 4221 5033 29884 31731 26728 22633 30010 29050 30996 20458 6760 17950 30940 30890 17433 2165 29144 21238 21943 8530 12380 9566 14566 23515 31426 25957 29540 13282 30314 6269 21555 24178 24062 16690 31739 16551 27899 11429 17578 18627 9325 13372 19549 23935 19706 18328 10115 22431 23073 21191
40
4804 21691 6415 6807 8932 14843 8364 29931 31405 20377 5425 21123 7858 25188 16510 1229 19833 24158 10207 24572 7738 625 16617 11355 31972 31837 28069 16865 10081 245 1009 518 4123 13451 25634 9174 18879 30633 25326 1604
10
23284 11022 25200 20073 30867 645 4941 15696 12708 10046
88
32399 7818 16849 1157 21568 1341 6829 1621 4066 23647 3948 28907 20458 3620 20674 9272 24152 16158 10569 22396 4153 16306 31015 13916 15985 12745 5356 21556 15287 14023 3001 27054 27617 14785 6311 4244 24674 10731 17254 29154 7697 14671 29733 6688 28716 29637 32434 26606 27804 16927 26851 18657 3450 11684 28724 14477 979 30656 4785 13795 10152 23033 7959 8894 10553 549 4150 16824 26500 7898 14233 17986 4104 4135 31593 10996 27598 4225 11151 16929 32170 27136 12825 13487 21951 3020 8927 25381
41
28262 23814 9599 8379 15364 25182 26912 30 12101 9114 26284 3316 7310 13212 30031 21069 28928 24591 11482 17986 20895 25592 7691 12587 13748 10382 24590 5394 112 2124 5955 10599 24017 18500 22850 16116 26314 15286 4637 8212 20638
44
16672 11149 11801 4463 21803 29874 31258 4439 6895 32556 17052 3654 30214 30844 13864 6001 10334 3118 15913 27746 16359 27324 31302 23291 3214 14255 1519 16056 12911 8967 15414 1332 11334 12765 28129 23535 21031 31303 15805 27470 14448 22140 5941 17123
71
29474 23279 18584 23906 24293 20261 17082 29421 31156 14001 1392 23292 23601 15737 27543 10569 7745 25251 25423 4295 28443 87 26283 18822 29599 198 27821 3543 24298 25707 26225 29362 31015 32144 7336 8020 2215 1301 328 10284 20789 27757 18818 4344 7587 4329 25589 14892 1961 13369 7969 15763 29168 24112 5150 32312 26729 3015 10637 28551 23267 20325 17104 22448 26077 18013 28534 4428 7576 1976 12025
90
28726 7340 11757 28014 28559 6127 119 6167 15102 15525 16777 31367 2304 16360 2085 27842 14938 1275 22995 4169 5209 32383 22267 23276 28765 12266 1682 17376 1177 25398 1272 18193 10772 26326 6689 12985 17395 26606 31476 29490 11259 15555 14832 20745 18514 13169 11029 21843 11909 14556 16130 18500 30671 27624 6491 32253 10905 28909 26221 26022 23869 6501 13333 3773 30223 13288 20957 6317 11422 6235 31849 16547 12343 17508 22546 413 6059 7200 32464 31428 32338 8985 9565 4091 29264 16754 7063 30904 6167 26981
59
10030 12528 8032 284 9264 13258 25961 3698 31767 20892 11167 11281 25786 7278 24885 23660 9877 2911 28445 14780 13257 17818 10028 14487 12387 6533 11897 30916 20449 29756 26374 6222 11251 27965 7330 15575 30846 14949 30989 18223 14566 8219 862 25893 23181 12747 11938 30109 22679 30358 15302 29411 19697 17991 29367 22335 4753 29321 30407
54
4184 14931 20863 26900 30134 21922 25749 11009 16287 17681 14861 7572 29758 21101 8071 5815 5473 11681 9561 17722 14123 30865 2786 15314 28424 19013 17692 11617 12006 27978 21361 15991 24739 23893 22224 4121 21953 18474 7935 26562 24417 5564 8755 6312 8815 15254 4830 4672 31770 24441 1992 14340 2695 3399
45
11718 1055 8022 18779 5381 24266 7522 26451 11267 6998 26215 1675 31944 17920 5821 20168 22932 19288 32457 19626 25365 13727 31442 14897 16092 22900 32017 12415 4626 13744 32263 9952 5223 2702 18196 25351 20300 27663 19268 16027 23906 21404 620 26098 15922
37
29724 4638 23083 4857 4131 21143 2897 5901 28561 23185 17624 10589 25139 21300 403 13949 19229 22741 23512 24958 10990 27684 2528 7872 8021 935 31088 28936 31700 20839 20153 31954 24516 4329 19070 26089 28058
19
11060 1896 28704 24302 29907 13479 14166 21689 2155 5427 21750 2629 22461 1431 24054 262 23934 22667 20922
75
18875 20943 8492 21627 3530 475 14488 17089 9111 9172 6352 32498 19135 17521 30974 2972 17251 3038 26347 27767 15147 1716 15391 22265 2954 31528 28234 20773 11588 7811 16098 12964 1326 16082 3598 15382 28213 13534 21699 14506 9378 12894 2604 24044 30365 16492 30800 24031 24047 566 17391 24396 26380 4086 11180 20569 2384 32292 17010 18269 21641 25833 10512 26099 6070 31704 2854 29262 25870 7641 25413 6860 5956 18789 19026
77
28921 22059 8133 2004 12228 19341 24976 14046 13987 10038 30982 32624 1360 16966 4560 31073 17367 5611 11386 7898 20553 25149 14792 19036 21683 15463 78 22020 31057 18440 59 16398 1792 8153 18806 30873 3570 12687 30700 15529 25765 4355 18984 8818 4886 1680 1572 15060 32306 23740 8286 27682 26509 12571 22831 27175 5462 19569 17496 28523 13963 17943 28382 7090 22377 30368 5913 7110 31271 32187 11015 32374 10211 24411 230 23263 3549
44
11242 31459 26827 8138 1302 20748 27016 6953 1144 16297 5035 1556 9728 22905 23367 16224 23549 23324 4041 2262 4323 13770 3035 1930 30284 12869 7304 7784 17726 16396 25505 22288 21420 17618 14688 19684 9023 46 20812 20062 19798 22420 9820 10408
79
29279 20838 504 12033 13467 25302 11129 26181 2997 7708 4660 22963 26321 26583 12823 22541 20985 29432 11553 2791 25027 3540 13348 19548 558 17784 27849 1279 11470 21308 30932 9748 18985 2203 681 5121 16992 11585 29455 5375 274 870 13365 6165 28797 26203 9715 26695 12262 14178 10065 8203 2363 3267 22861 28924 27128 22300 32473 5074 25415 28921 7716 29842 30059 19620 18202 28418 10846 13375 9006 12128 17337 20495 12887 2899 32725 26395 22872
53
3574 9541 31524 27410 14297 26691 3448 19056 24052 5007 29685 6672 12550 29378 29284 23278 2348 11347 18669 29151 2038 11101 1744 32628 8384 22178 30038 28449 31552 14545 12038 414 25691 32260 14107 22158 16701 27277 9526 14687 14504 12018 14673 13681 1676 15670 27636 13690 11737 858 20139 12841 31889
60
13321 5665 24351 15364 11433 30705 25827 32347 27386 11322 31894 4825 12024 7960 7603 8096 8332 18912 18698 7116 11697 10419 30729 4521 5079 11859 4409 20771 6276 10806 1547 9853 13633 21721 32213 26950 15028 30295 12824 30601 12042 23354 24580 28997 27544 2961 29502 18460 15809 30787 19936 30543 3866 4770 20930 30698 22732 579 3832 17724
25
15259 1418 10980 1425 22733 11013 12171 21401 10487 8440 23191 27396 23381 22854 6069 1233 4277 19988 8900 11897 7547 19395 31218 898 11497
12
11592 23624 1106 32134 19614 17195 14394 603 19902 15665 19767 18552
63
18490 31708 13110 11095 27032 30553 32572 29708 20573 10904 12306 32278 26596 8541 30969 27643 21412 4108 8279 32732 19789 2413 28264 8024 10516 16812 29744 20141 29770 676 16052 26400 25140 13660 19049 3232 31511 9426 19181 9894 16786 24056 6901 24671 16944 20733 26759 29709 16702 6093 29033 17835 31450 1499 25561 4303 10573 25886 14206 11733 17819 1113 4767
59
31392 3987 28742 24764 17432 30328 6638 20474 7166 16168 2808 26318 14315 28521 32352 20309 18518 10596 13051 7458 25178 32345 17242 21902 14009 22928 13553 21071 14882 6035 632 12877 8879 7578 9618 19633 24242 1351 25517 23102 26801 12435 25129 18660 7343 23049 17852 28050 29357 30002 24853 2125 17009 29520 14015 20095 29830 16462 21065
57
7159 22329 5253 18392 749 20083 16832 16809 25136 22217 4519 1410 12607 31242 21974 4440 24012 30833 29106 3795 12145 28036 31669 16210 5023 15421 2310 26927 26071 1640 22349 10820 2076 13132 18629 21422 24488 18829 26259 13008 2526 8273 23894 27547 23936 11170 10239 18445 3106 26644 23779 8440 30686 10663 20750 17413 4426
