95
22
18883 25828 13493 24727 19998 10360 3404 11545 9474 12489 1696 24197 15304 24989 12784 19310 12225 16338 10804 26172 8138 19615
11
14720 15699 12201 12649 27472 25563 7273 3426 9977 8029 1706
27
22127 28160 28454 1685 22610 8433 15299 17072 18284 19870 6920 31548 2040 1446 23850 28776 1789 14663 19325 14347 28028 28102 5443 18224 5102 13073 32449
33
7332 1689 6628 17970 16809 30035 12949 21183 2147 2877 9425 2397 16588 16501 4107 13385 21117 19268 19002 10027 463 24749 28193 9287 4160 25414 7892 8695 15384 29767 9336 1113 25420
8
28648 23700 12568 7071 15558 11343 17706 25314
13
17731 16615 27674 29523 22941 12170 23895 10085 26693 15419 24970 7991 27095
93
25937 31624 31199 9937 10056 21098 17440 27544 15763 29676 31671 5311 26010 22432 27259 29457 25104 22082 25549 13239 30083 2549 13262 25252 27441 975 3792 27696 8734 31384 5386 25090 20067 22223 16015 1844 25801 16366 17281 26546 25750 3824 21633 32483 29607 18959 14187 12684 191 3538 7232 7921 24607 1863 15972 3389 5719 25485 9738 29987 17755 22678 7660 28870 28633 11051 12607 4566 1738 22065 17894 25340 30024 14122 9958 6265 7839 25599 4890 13322 678 3580 9256 8206 31824 5660 8627 1514 20094 13959 5330 25517 29463
82
9456 24667 21669 24023 17153 14452 13242 4024 12352 5966 5540 6092 4808 29353 8438 10992 4690 16493 27847 22891 15703 22333 12027 5155 18805 15694 8132 4625 13076 22906 13927 10738 73 14992 9028 29759 11003 26863 11025 18784 30276 30291 18278 28701 13081 16366 12414 4181 14382 5819 13372 15858 4372 16911 32364 12316 10404 4209 13900 30893 29345 27307 5450 20453 22681 7457 23312 18528 28172 19298 17086 32580 12241 16893 23926 7359 21172 6806 30238 14513 25956 26168
36
18829 20973 25847 29702 18497 31116 1319 18320 17820 23763 32650 18692 22440 10933 13329 21024 17534 22261 13641 8654 11182 11764 23774 11932 24289 23240 2399 32108 11709 5005 26944 20588 10505 24576 30501 16969
67
2910 8608 25421 10777 9901 8374 31549 2549 23120 11624 31383 18130 28987 1381 3237 29153 16038 23194 22760 7340 13767 7150 30977 1890 12001 13872 1490 2415 32125 24909 32736 26704 15351 19911 5883 4262 28733 18018 5410 25993 28116 6689 28833 6686 6428 25200 18812 18796 28628 31139 22032 16491 31456 13727 760 11870 3402 15063 18990 12131 29832 31611 1394 25929 32253 14059 16368
93
3442 19229 27672 677 31793 6882 5124 882 21849 11516 29756 20850 2206 32675 27181 3122 20456 23401 31018 21125 5195 29798 30468 3276 7993 9874 26331 11381 27638 20850 30259 1218 11597 5879 20554 8396 23426 419 15274 15047 24199 21997 13818 14471 10354 4839 537 20803 21551 26142 23662 16538 7282 5825 18809 10963 16112 11270 12974 5737 8143 21194 17796 7879 16731 18040 18633 17488 25594 16683 23608 32162 25186 14103 22093 28188 7689 24869 13400 26014 4061 23261 20689 3471 20790 22409 21483 26405 12553 12951 4715 32480 10590
92
31064 18692 31591 4154 23865 25987 2500 1239 16012 10578 5953 8414 12088 21066 20388 28945 6344 13403 17775 21243 25454 21630 28932 1921 3656 12266 11021 21434 7395 907 9755 9217 32254 10160 11149 25928 20368 21508 8116 2223 9228 24511 4405 25941 11491 21021 22446 27757 28234 22288 1436 25493 24639 27697 12668 6500 8390 23037 23088 18498 7033 19774 27301 7037 19007 9415 8371 2713 29532 18276 23364 32487 2218 5649 5049 30553 3109 20074 1673 7828 7597 29027 20267 1863 5640 569 31543 699 21287 12713 22728 17836
70
1060 20312 12198 27569 30879 18133 5285 31629 10428 17063 31470 16560 24982 11922 26119 7193 32126 17325 4729 24766 10726 18104 2771 9341 17534 175 3569 7509 5020 9631 10878 24278 24033 7609 13240 3030 9498 25765 29555 20582 2148 29465 15713 14341 4500 26281 18320 13331 29141 23521 27700 26248 29075 11921 14503 1253 6040 5224 28078 26475 19317 17860 21758 6283 30500 10441 4095 30879 27627 12977
10
3715 29538 18058 14454 3706 32582 12745 13118 11478 11095
27
22011 20345 3469 31065 4815 781 17125 15954 5403 1987 5169 9575 25397 22191 12802 2418 26332 928 11712 4040 25443 27309 16625 25196 5906 23568 6584
16
27458 1955 11252 15571 4656 13785 27795 31864 9474 1385 28179 3749 29874 9458 32745 13070
10
15580 13456 3579 29270 7394 23062 24800 29312 26649 29326
10
14697 1404 20058 814 12888 2074 14469 16356 5844 26124
15
21582 17938 25486 7797 12448 31406 32584 23514 3824 17275 1000 4643 31703 14528 11881
59
5445 9540 6245 7833 21093 29749 26074 8095 19045 30017 6355 4250 21764 19192 3122 22835 4691 20472 16299 2975 22471 8114 19833 21375 29581 7281 26703 19461 14877 5784 30098 345 4626 31018 6085 8507 29241 8080 15685 7913 1512 14487 1846 20035 27537 23225 7357 14893 16790 11677 15983 14901 30047 19681 11786 2934 2219 18454 15971
32
25612 8096 7656 30261 336 15271 29334 28959 19444 14039 18430 4938 6286 26869 22040 14042 4739 25193 29700 32131 8070 20906 14248 414 7259 23799 14491 7548 22241 17480 31297 15610
69
16696 27989 23230 19700 22515 8000 10472 25592 1701 20276 7983 16376 16993 2056 7905 30622 22399 29633 15546 21570 4929 28331 22442 7590 12471 20649 3289 19940 3295 24777 11497 16804 26129 10011 5755 14482 10906 4292 6644 14864 6824 6734 19073 12839 16742 29762 24664 23236 2407 22009 4161 17697 28744 29359 31829 6017 7569 17625 8710 21280 24797 9144 26976 13930 23355 22319 14735 3947 22483
41
4743 6093 22847 3212 2411 5486 21681 27506 28227 644 22994 6436 18221 1541 2001 15333 21998 31987 8373 17009 28645 17026 16625 3390 4669 17277 13624 15618 1638 24806 25234 19061 10949 26077 29872 19288 13226 5314 18044 2230 30851
8
19050 8528 8127 27706 31713 18519 8355 3812
72
4632 14233 15114 3460 5536 31967 3548 30314 23322 16173 21754 9266 16543 22856 24814 17102 10667 10957 13484 9197 20861 12553 2843 15985 7360 8721 21969 16931 11882 15887 6430 5029 17381 19163 18765 17577 7277 28107 3366 23649 28601 22475 2488 1078 14301 30640 6997 27837 21103 9929 8157 32487 15592 951 13888 11640 28750 28543 5950 31418 8208 24798 27505 1650 24626 477 17038 14355 30377 19364 4072 22834
10
25255 16173 3132 10011 4749 5496 4260 22602 18185 5673
59
21932 7519 25500 980 10644 18322 6284 23216 4924 21017 27571 11590 19096 25839 13746 16390 22370 10678 30514 22596 21423 21500 20507 9880 15557 32446 30470 12421 17968 810 17654 32088 25363 11433 10562 2643 31165 28189 6614 18955 30076 31847 21404 13071 10934 29229 32564 8650 16693 24794 3563 4523 6339 29414 25323 29059 23543 855 7343
63
20104 4794 5749 23165 8233 23433 32563 25094 8839 28358 18103 5898 13069 14270 24682 16222 24587 11285 18865 2017 29623 15032 3349 2828 12402 10004 162 9674 8780 9350 17292 3722 10697 17938 16153 25235 9190 5719 11962 7576 21335 27586 29563 12173 28435 19715 13982 9401 31250 31165 8067 5131 18517 27522 8396 18353 21800 25342 8382 21479 20132 21874 233
38
20069 18699 9725 22504 6550 31026 11163 8981 18740 18209 31406 7551 27729 19189 15086 16329 2453 24328 21085 14525 12847 14102 12251 23952 16657 29342 9205 28519 6749 11915 15359 23065 32538 23060 21346 20535 18732 21217
65
9091 3183 14356 8027 4754 18101 9765 25785 24835 6152 13183 4854 17577 20028 26802 31283 20406 27404 22429 24477 558 16315 22663 5688 3995 27644 7531 5340 11523 17424 3986 11645 31511 25134 11111 18863 24749 26407 20104 20584 26992 11850 11289 6408 31958 30853 23389 3992 339 21198 13447 28239 16333 15297 28621 12379 6991 19595 15039 8670 28929 26886 14295 12598 13400
11
9537 8286 2664 28952 27090 26552 10869 3809 30186 30037 17710
39
18621 8331 7597 16595 20271 9825 7407 31751 12517 3214 30906 11502 920 19830 20276 4389 1607 1204 993 6958 18997 1033 20679 20236 27953 13464 29392 19725 18713 6230 30063 32488 15521 32700 24966 6919 29009 18367 21384
8
13313 15579 15133 11097 14665 21632 20730 22940
74
5971 21412 2078 5466 30939 19243 17013 9172 13362 1817 24076 5935 27394 1610 29407 10695 10055 16272 7685 16296 19182 8956 3554 4596 7586 16473 7837 10629 27875 14074 6868 27860 29272 21174 29839 17689 29798 31280 2675 7860 21761 21084 19769 18636 706 15166 22878 30774 58 2549 22811 29080 30087 9209 17047 7886 36 24481 18012 5004 13574 19944 519 17733 2276 20848 19268 31308 4822 9927 9978 13370 23841 16874
70
14417 9479 30367 8860 17545 5255 19689 3488 9496 19532 24202 24113 4684 6711 7532 27613 15755 494 30514 17426 15263 19932 12838 25403 26962 12665 5746 2348 32315 24779 14228 11456 16855 16685 29196 21184 5852 5967 29015 19463 20681 22142 21025 7908 1986 29989 13495 8128 24219 27284 21435 32001 28467 14849 29467 16942 20739 11980 15171 5715 28150 11784 21650 14759 6523 16694 22283 1644 7641 15955
46
13252 12566 29126 945 6189 26995 16675 12413 13406 21347 21771 22491 3141 31719 31756 28012 26384 26442 23510 10359 26107 7335 24231 2955 32102 2732 5382 3942 1067 10653 24500 29974 19758 32412 30176 862 32566 25639 7066 13147 7931 15330 7306 4199 32640 28055
43
3234 22395 8849 24672 9201 5043 16570 438 28608 14102 32612 4983 30840 27957 19827 13389 24626 5528 31447 26804 31876 17995 16643 20899 17050 22426 12192 13935 14729 23832 20867 26092 26337 12262 7645 13013 27009 28209 2482 3950 14000 5117 19853
22
4385 13169 16132 29685 147 274 21115 21440 25830 21061 18590 1893 3601 30646 11705 12043 3186 11737 17342 24308 21779 16419
64
31531 27769 15356 23646 8936 6889 18430 22949 4459 15768 12675 21410 32277 27899 13179 19601 2305 5194 27025 6530 31441 16946 11791 22700 12718 29131 3835 8708 24458 24521 7814 9742 32168 16374 8872 12019 6495 26336 26628 14293 24091 15310 15377 3679 164 1785 21115 12960 28579 28665 6599 26905 28002 16510 17207 13076 30419 16192 493 8504 7124 14137 17746 13403
8
5750 6489 8591 28096 21604 4542 19721 11154
27
3837 782 10796 17359 16164 21725 6969 5500 21212 6574 32275 17732 30147 26750 88 12957 4229 12822 3895 5958 12786 21973 10536 25133 3668 29615 30682
60
8054 18029 26721 31785 22872 10210 15087 13052 28586 25040 3779 18922 11748 28504 6600 26945 31980 12378 11439 3583 22679 6377 29842 21735 15981 29949 32727 31700 31148 5224 2648 3406 28816 29452 21696 27227 22226 12618 2872 9879 26990 28862 32580 27271 6058 26921 14567 20523 15700 18862 8974 28114 21067 14914 22316 818 13121 4446 19489 31928
15
27744 16669 2408 17839 22353 32058 12419 18253 20980 25117 2484 4458 10952 2396 30986
52
29609 28222 7867 16002 21927 20026 1576 9819 9981 5593 31153 29905 10152 6638 31853 23536 20373 2183 704 17114 23663 3955 3793 16489 29110 19457 28990 10518 32529 26635 527 13338 24805 2099 26089 31699 28454 28525 13188 23912 28269 31678 3423 31664 5963 24643 947 26960 10206 16500 21157 15908
43
20671 7137 9608 24543 8609 26104 10317 28341 244 12477 26884 14266 14752 11208 26614 19691 7487 2971 19372 11895 4049 13958 27210 32453 31665 14536 32031 14263 16840 17399 12921 17713 31232 15778 4542 10453 6139 8500 26040 2833 18438 14619 8497
13
29482 29120 29116 16959 21564 29922 11148 10350 20251 17228 11644 23631 672
24
16527 8987 3231 12815 7034 4852 3710 15980 11701 28307 7163 12070 8491 3966 25234 3488 25673 19137 16939 23785 17774 28307 25654 9349
23
18682 6257 16758 4895 16170 609 9060 32343 31162 20556 27159 7457 14320 27690 8245 13789 13246 16637 31308 2604 19023 4366 25612
69
377 28083 9704 22481 32491 11720 25761 9724 24491 27404 19086 26181 26327 8878 19572 13682 3313 16062 29040 28222 12698 4324 13018 6568 6812 25938 4974 14737 25646 16887 12718 8582 18036 9717 22914 20955 21574 23894 22818 2297 5938 15610 7477 32504 11460 23252 22587 32625 18692 5719 14632 21901 16961 1322 30033 15970 2573 6179 10636 21888 14217 3187 22163 12230 1763 32030 31914 6267 29212
43
9370 18191 16169 4956 4204 24239 19520 16497 7004 22928 4553 12690 22024 1449 26224 24844 5780 20824 27817 24270 1859 28582 13801 14030 840 4557 9749 5800 13785 23031 11067 30344 12166 27465 7552 18763 26057 15136 23385 30689 20702 1946 30206
21
5977 540 11729 6885 9859 24778 22908 31747 9485 5311 28453 26035 10810 30658 17092 30750 16734 25697 3838 25701 29672
56
3638 13471 20615 17746 27549 4140 11229 3484 5916 18137 2456 26473 18429 13208 5744 21469 9447 9287 25439 28769 9392 1842 27917 12358 29042 4570 14220 22954 481 17653 21061 18848 23771 29109 22578 17291 15169 9293 16462 20427 31750 6066 4682 28060 7813 5790 21378 7226 14104 28123 16431 32586 4582 21438 9438 8821
53
27681 8278 19104 13942 13444 12438 26849 19689 706 24917 4979 26886 25657 32716 17082 16747 5532 29745 8997 24990 488 5339 11197 13905 11673 13479 766 12005 25117 28826 9701 6190 11657 200 1354 5238 2699 4212 3440 21700 17567 24952 19419 30558 27782 16104 10081 12172 28917 754 24196 6815 12170
10
26162 4611 32066 20895 11184 2994 1533 22868 9494 2860
27
7930 13378 27010 27055 19405 30258 23228 16416 23645 21022 16996 10787 413 26044 30117 23883 15273 3664 1033 29958 6661 14295 6625 23410 20773 11397 25062
26
30834 10784 32514 2572 13713 20487 24775 10380 21473 14313 20458 6411 12775 21387 3879 2855 6491 31763 12321 12996 29730 8997 4089 8786 19836 8013
82
29567 6045 7527 29196 19652 21143 24415 32179 13920 27725 6624 5513 32277 14278 24291 8817 19658 20388 24214 21426 5433 6660 27567 25081 23272 17318 6656 930 25946 30286 11084 30259 13190 20073 15962 16681 17288 21492 29767 5624 663 31386 32 29005 31031 27932 21681 24982 1967 10230 25751 5828 18110 10048 10397 8015 24714 11218 24645 30331 30169 23467 16548 18395 25475 16788 1395 3091 31784 28672 6244 25313 2590 19255 17074 20063 11693 16051 7420 13186 27519 25034
20
32594 20366 914 13519 18160 13810 29677 26472 22881 24622 12237 26190 7775 16484 9436 23633 31242 15491 10843 26745
91
21692 29511 26593 26451 10093 26942 9504 5736 6386 32418 29789 4791 7478 24704 29698 20557 10787 30446 20058 26781 27248 7316 8960 11810 4794 28523 9368 9029 3287 7877 16060 22656 28007 23182 22585 30148 26539 18385 1404 29464 13211 7805 16199 17540 6706 21610 29097 32045 7181 31127 30508 11713 26164 10678 21584 533 2360 14058 18232 25101 9854 29135 32676 6589 2010 12987 4895 19661 21855 2115 378 14626 23926 12033 23928 3258 9006 13973 28107 21208 9939 30698 23103 15458 7362 16571 14646 18311 1659 22613 4436
67
16798 9083 9833 25406 24150 4346 9016 27697 22429 12801 15821 13996 28597 12377 26404 25809 8458 14929 31639 27550 11887 25084 30024 3009 2219 31897 7614 19630 11572 5715 723 11758 25146 20011 13005 698 29671 11826 971 11208 22246 21499 27235 9061 21538 32080 9097 4036 8656 19748 13746 20374 3503 23753 3386 13530 7310 28003 14339 25079 17168 19869 1120 32008 7084 18330 1841
30
11055 19791 6093 6950 18511 15402 19400 974 28102 26032 22703 15087 16426 21361 31714 14897 32015 3329 7605 2925 32379 23966 4222 23407 4762 7443 17901 10747 31666 32732
94
11352 12939 14311 11621 5093 17515 7166 23107 3876 9570 30776 25200 20813 15132 23979 3197 22839 20837 20473 22607 18121 27095 26220 27612 9394 11958 838 15663 31321 3352 5458 7602 14871 14921 6079 2732 24485 10349 17454 26377 21200 11879 11018 602 25204 26362 9752 4380 27559 2862 22863 31293 309 19446 13801 7644 10061 28431 13242 31057 30585 13099 13505 19565 16595 16207 18173 9218 30839 8570 14465 28070 3636 8327 12747 30901 31111 25940 19026 2197 4809 16164 19294 23614 3239 1858 5404 20217 8659 26600 23026 30311 19193 2654
17
4341 28774 22856 24176 20291 31960 12575 26020 31414 28554 20772 6025 16493 22642 896 26480 4356
18
23898 27655 13060 24110 4282 32684 30471 31893 16508 28865 16121 32360 11333 24291 20566 26184 4861 30961
96
31371 13760 25399 20924 9439 1296 30364 20171 22070 3263 19638 17481 20633 17981 31365 12103 10407 4160 20020 9804 22421 2233 4420 8944 11891 17158 13799 2470 3761 11881 29610 25562 3041 16569 5975 60 23230 14679 2586 27995 12654 4196 21474 629 32004 26161 7434 27277 4169 1783 29497 26047 12220 22217 21895 13521 7895 14790 19425 25354 4756 19603 3502 25159 11568 265 31666 11595 26415 29482 28979 25687 2464 2650 12379 6138 7586 15052 28126 13867 29991 31546 16349 19861 12536 17113 29705 6962 26618 9100 4363 5659 21423 21591 1828 28063
34
21520 11666 27705 27761 7729 31975 9045 19721 2793 10882 24956 22260 21576 31815 14538 26735 25063 29815 14162 22737 26899 316 10338 17598 22574 19074 31497 27294 4435 4617 29143 11085 14393 22968
75
5978 17461 30483 3801 24660 25522 27544 29074 19343 27402 28856 11776 23328 29964 4816 18585 17645 22038 12953 17862 18450 11239 9642 22606 29060 8110 16447 21522 5108 3686 11320 14588 30455 2918 12645 27186 355 28980 21248 25999 25340 29851 26235 3923 336 28157 1917 26137 11231 19690 3367 13066 23423 27120 25755 2641 255 10933 29887 12238 9995 11332 28478 13327 27471 26533 13008 23932 4832 1200 8892 12753 15831 20258 6043
16
497 19806 10554 22065 23773 29330 31988 24893 14408 15587 4493 11532 2887 9951 6122 1348
78
15926 13996 12824 4062 19231 3473 21453 22994 31042 4968 29897 13726 9955 20404 22417 4221 11746 4138 16665 20836 30698 31763 20117 10122 8940 30451 23948 8744 18892 5736 14894 30077 17754 12116 2023 4374 31107 15934 6196 27468 713 12022 9142 9742 22512 18296 6533 28897 13306 14867 30918 19492 23638 8907 26752 4505 5973 29691 427 26145 26333 5695 32650 30919 23393 16272 19003 13056 4880 17841 3981 15921 14669 28619 24081 626 6752 2900
35
8043 18484 18187 14683 18079 8235 17840 23575 27567 19821 7117 9811 29829 5264 22710 4834 13877 26024 7740 9765 9775 6321 31615 11658 11192 18733 27139 6227 9627 5389 8454 19865 30747 17109 13073
92
4860 10702 23564 16612 16529 5145 19012 23597 29989 14937 1494 12220 13284 27921 20236 9542 5 8626 2142 3313 16997 20916 26936 5385 12910 20452 19965 27124 17982 2048 18763 4712 28165 23681 23169 23515 7855 5816 28030 27451 28612 7452 1964 17888 20620 25571 17982 26303 6262 19407 4533 13280 30394 25419 10921 26642 1342 15798 29638 17629 695 21759 7445 8376 30736 10610 5244 9596 19727 5073 24457 21273 4150 32167 17003 6791 30183 29657 22593 9472 21196 18302 152 7021 5494 12528 17966 542 836 10531 8956 31933
65
17780 3717 19427 24648 15112 10927 17657 16269 9195 10541 13890 23713 21531 29595 29246 21020 1439 32371 29647 26214 13 25216 25055 4301 22864 10901 30281 21716 13224 10622 19447 26574 7410 27703 22600 21676 29482 7260 5044 4628 29230 26337 5554 16051 20165 15107 10201 30675 735 30078 5190 32304 12063 19457 13119 7431 13718 3295 31765 1905 29138 1799 7503 8175 12823
17
24134 21996 20331 23177 18317 13785 27036 13901 11396 14448 32423 3328 8743 14474 28811 8443 26755
75
29916 13257 24713 14436 1648 2977 7552 30016 12503 13504 18282 11498 31202 22717 28757 15556 20160 24608 3701 29381 29658 12989 2852 28783 11259 21056 17191 14849 23220 776 23603 17901 9727 30521 5039 8332 23330 12300 27324 30737 6870 2410 21363 9404 4265 9146 17261 336 14753 8183 20361 10182 32290 25093 13545 26179 8977 19781 29502 72 22074 12135 23622 4136 23023 19839 15507 7360 5106 18267 397 14178 918 17684 186
93
8932 17469 24053 30835 3895 157 4614 22765 20229 6088 23051 9356 7262 19800 21960 31829 21319 4116 28786 14326 24772 31930 26726 7850 10294 32252 32539 10077 21223 11720 25941 1041 15844 23500 14236 31872 31243 23866 7917 23554 4708 2504 27055 30386 3253 2556 12520 2508 22608 23206 23985 31578 7984 10670 8936 15632 11588 28687 16164 22132 25099 27940 6894 23106 24673 26403 5934 19214 28825 21735 8163 13099 18635 21746 22295 29644 12143 5554 27667 3945 11307 4867 29391 29540 15082 19702 20396 1261 13614 23504 2917 29987 26023
34
8315 31236 14152 10641 32102 18185 2860 19024 24110 4834 14156 2092 2593 22967 4354 17838 29170 16512 1075 28338 860 10779 9242 22044 24584 8859 14663 7111 31665 5348 28903 11966 25990 32373
8
26294 17718 21074 24536 19617 27237 14384 7998
17
23545 15062 21183 22007 29223 22521 13199 1306 325 8526 3783 31757 30678 19353 1322 23386 11217
81
32123 8786 31829 11491 22245 32656 17518 24675 5957 13071 15444 28874 28681 13335 7041 8120 9250 25188 2317 25844 17672 24351 24786 12035 16639 29197 21455 4602 9882 20231 26570 22672 16765 20394 6713 11127 29798 30031 10851 17133 29807 18237 20163 22158 18829 24862 22957 16236 14429 17840 4404 97 31008 18877 15946 10404 24579 11085 14121 17563 23205 10522 26866 20720 26323 11844 9364 25575 26262 26182 13040 239 30063 19753 29755 19063 8929 4088 3747 1538 13872
8
28107 32412 31767 23248 17498 5388 24498 23422
93
8612 10695 6936 15974 29034 14725 21997 6654 23452 8259 23804 20787 22044 16549 31599 26962 23699 17668 6727 12076 12574 11608 9900 21529 5444 29787 12929 23613 3884 4075 828 16906 3852 20656 757 29446 2277 25856 18364 2511 22126 767 9520 26972 30029 32267 31822 7557 30093 19287 15750 9414 11341 14805 20756 1856 32437 24922 22925 24320 22831 3325 1208 13700 9939 9408 24224 23163 23842 23154 23271 6093 28664 7635 2141 26331 16828 7162 8913 2824 25562 19956 30504 13688 15219 23214 19884 5656 24147 20500 20134 32222 15395
29
30290 26591 18748 25666 29261 5515 17314 12822 31744 8226 10503 32171 1081 11216 26937 8867 14050 14432 14883 8020 30922 14328 9129 283 29353 32260 723 27378 19806
35
27205 890 29978 30063 3586 27650 15751 7770 29680 25201 725 28898 16449 12285 2032 2194 13162 6683 10249 4395 21042 14917 24388 31887 21513 763 19377 20445 19356 5640 14974 19422 15782 20486 5483
12
11556 17533 15456 19229 27431 22519 21933 20296 3247 3718 28875 4303
41
26710 28651 31088 21183 8487 13088 8471 22851 8572 20938 21604 18101 9042 19705 17149 13241 9750 2686 20283 32215 17277 26182 10794 881 19377 28135 28888 23545 27821 31353 11980 24673 26858 7335 27092 6098 8507 3845 6916 23712 30197
14
19838 17236 23013 14184 24302 32026 9610 8141 8444 11641 30739 10115 3372 23347
9
11085 1775 8182 14989 15728 29118 16160 29829 9831
24
27287 12701 2989 17408 2991 22047 30725 7584 7710 20263 20785 17810 2852 23491 10646 22009 20581 24276 1311 32104 29504 21780 1840 17663
23
15580 471 32131 8211 22359 30113 11188 32540 27310 25225 18291 32433 1205 5729 16740 32443 12353 12539 14616 25427 14488 10710 31783
35
22781 31615 3413 1394 1837 11003 20224 21840 18742 32568 30085 8535 10915 32164 14435 11157 27549 4823 2723 12418 22029 8999 14617 7219 28161 2422 15848 8144 337 30799 27972 15176 23170 28978 24444
57
17963 15415 2905 21 22953 19197 19585 6248 4238 27898 16332 11012 10883 25599 23891 22254 29838 2762 3949 11628 2534 25223 6694 19378 5894 6551 5869 14269 21248 28559 22669 1152 8980 6788 19295 318 7297 4486 9661 30775 22683 24682 31929 16518 20254 26829 4367 10058 10946 13397 26713 29700 19471 15418 1666 3136 28275
28
31352 9106 21912 14647 23605 6365 1135 26058 31607 23398 11813 7667 5975 3570 2618 7110 8171 17744 27411 30112 26986 32490 10818 26974 6800 26010 10760 26572
46
4120 29792 121 27023 7582 11561 20050 17071 18560 3842 29065 11777 31204 18955 22289 11453 5618 14938 4346 21955 12507 22765 21398 28207 5402 14563 19930 28718 32506 25836 24838 29713 12632 12543 31625 12192 18346 21579 6942 32689 26944 24431 14908 12281 16842 25325
22
25371 23004 12156 19740 29740 11486 12309 14777 20836 24914 3752 2420 534 18635 24526 8850 10060 17600 29039 1133 18371 29317
29
7478 21369 87 246 18143 17794 8563 27464 1340 24502 27450 31750 25359 1883 23857 26287 28584 20754 12739 21268 28262 591 10724 2665 8060 18188 15349 31389 1521
