100
43
246157 468563 377285 184536 503890 928286 664923 966623 744679 614296 60493 422180 686883 454028 610650 794736 869065 333114 429051 784745 565326 368115 923910 302243 222193 285809 346897 318088 28371 867680 162570 517431 541749 580557 939277 882972 509823 587258 858109 985078 427484 298113 866106
55
623495 875156 911215 636671 595537 630529 641665 895147 272673 567912 253569 978469 79371 448888 166093 954733 381932 50455 233921 758820 624766 426259 206029 457181 565198 478031 289694 406491 751908 740288 403985 350143 490918 391515 889174 539985 153941 656980 729460 641437 600542 469663 758994 266119 215268 355274 762400 517646 902185 710969 658430 157439 997638 388458 341682
23
986102 40569 582873 999592 432356 623781 655923 660247 199269 480885 79630 269493 498365 379462 365553 37116 308820 775665 685641 683620 706040 67680 510372
49
939912 408197 234701 171516 835298 857436 513873 44278 580672 895995 38657 420852 285391 313648 309488 320976 400166 129110 313293 251490 801751 697341 945082 549153 100028 911872 54847 794266 151077 838227 520651 110192 132566 154114 88967 271687 717697 454277 893342 826397 450434 961632 294240 609870 445753 751344 228272 870043 974597
52
905475 377806 340264 193364 483594 917122 202269 934007 74057 934453 593838 831109 100100 475291 834741 776128 650694 752852 371611 938545 329817 81792 695608 649984 932062 774309 26962 967287 365330 161222 967575 996608 296102 295912 729562 684075 191861 363738 572420 641411 860484 980600 977961 897351 799622 76936 402730 726279 59749 658195 347661 240184
82
45775 229905 135096 600982 700127 781923 659587 932079 9643 433119 437600 922576 615358 374851 337129 722398 621591 559297 535021 227772 139108 998340 905394 410701 23743 545673 321863 457681 548472 621175 470089 437838 954438 284086 708424 33399 603967 475864 719832 792136 726577 223207 469693 330859 125070 391805 904432 766131 610787 622201 44295 668788 450724 918378 332209 819476 249273 602111 907918 121696 32179 548739 85225 827000 730758 515861 225537 556639 24834 786863 176233 158847 95081 635099 985518 949616 242808 13805 809946 180923 248702 815755
45
987946 347551 862425 745720 488435 437930 610780 436531 687880 652824 930679 153574 623585 243751 205587 96790 487980 227649 976453 714965 960087 304113 440667 39546 794165 234155 452868 786475 402821 409060 737638 260029 229952 766328 348957 318173 136203 844630 281347 37223 506735 179572 115015 620782 573365
35
576821 624390 539537 391899 846139 951720 174341 912631 123374 893306 825293 54745 514500 788876 441017 240500 161263 469381 191243 307642 560748 13814 88448 733191 643173 922034 566479 505837 861412 82182 649284 68901 570519 603499 959448
71
388749 805109 643517 938448 39529 247762 878680 458487 516667 421856 905038 533661 10123 271232 630088 540181 882843 897729 628028 975151 240230 911792 963024 380079 728070 386822 896123 352571 396292 522409 376930 155221 532067 338725 88184 123517 405186 878758 292962 244507 923521 124061 334699 451140 302774 151178 760413 997222 119751 167805 408524 548482 257841 878222 795731 740327 801614 290711 516013 877140 662284 853800 897233 606007 375757 591006 31179 961735 881505 467257 275702
26
572767 950709 763501 183736 630400 69090 30440 96629 63095 941791 642235 286846 419107 220830 693534 721368 859045 150098 148437 485909 707174 297910 587992 735607 744993 463285
56
938860 742365 420450 702760 146069 162138 77310 368219 426651 656922 589616 178399 606039 906649 706170 488305 612184 363604 995196 448498 313160 112792 196624 473225 245024 582926 33727 598725 863874 328949 293522 775755 894609 827586 767182 790367 346678 814606 695988 293161 933030 608438 477020 84263 509497 841006 682248 139660 617004 455408 164308 849138 851685 731214 700829 260765
25
642190 610945 1881 416170 893764 325910 496447 495073 340419 943355 762216 80863 614419 250092 190935 443166 663390 273937 562493 687901 749268 991545 655039 561842 910805
38
50747 741015 174540 731903 156549 498647 555266 242980 70971 228364 753886 71790 494228 81663 701023 412009 59807 62381 591496 150672 981575 13742 588347 463326 341491 776769 182515 330036 592841 435948 947801 887725 530898 159177 690109 414990 653365 757192
38
63523 665581 161034 709984 578108 101390 670282 705897 19487 527116 262017 879537 969529 69425 10314 674024 672792 787255 596666 117924 322336 273666 123645 813155 906568 256207 603019 495751 136564 275626 838726 211023 65300 335728 799731 977115 735986 148378
15
419113 184463 973895 86815 913785 248259 46069 379721 888454 504053 996943 584558 460859 751693 208949
26
529688 203524 691112 674747 301637 326491 361148 661509 904556 750935 670012 71564 156913 419827 899008 939056 591546 546654 696590 234734 271009 569575 236927 232758 249147 996229
32
563590 927791 387128 791797 438951 73846 76651 419151 170833 100926 971766 896990 40146 46921 93085 605217 549456 644980 813650 765735 643897 187655 311738 454649 429576 938039 492553 104560 963971 976496 333287 231026
33
503373 366592 584685 527592 755678 362861 127197 901201 441506 61607 553498 335570 90693 307930 658221 963949 883606 217270 730751 837946 423738 460006 761708 927326 597976 752162 576669 869513 275375 499177 577393 14610 220516
48
466514 990921 548722 469625 931520 235911 489449 139243 64748 207530 784829 756525 859476 417996 975666 234611 196205 226565 340263 818984 521224 716285 448843 686533 847670 399110 565214 679623 954437 706958 447956 671969 306685 79505 84338 383953 756263 542054 340614 292115 598340 447763 323012 973590 181401 794106 846442 293875
65
495308 714359 920372 537564 572206 960863 726757 864629 247124 568388 738608 381402 496258 439459 725351 382349 460345 700255 969612 353948 776692 824490 918122 584490 528488 161657 405768 748420 142944 156768 296890 819425 783306 908612 577838 936048 77463 408623 160877 545938 531056 110995 208999 256822 920903 487498 118044 158025 578052 599671 899311 886061 41942 897058 658032 557923 513127 79930 43101 641134 472817 229932 769188 800693 865925
87
358859 276423 564363 400270 202005 571459 265584 412481 879787 442203 398054 525210 155502 694218 360635 442341 842107 556488 271068 501211 538924 191611 672612 907843 917209 377392 349022 475741 245127 227958 195119 679818 394249 315598 236691 855738 237829 989953 877140 842136 421953 533203 275753 258333 832869 728496 540808 190605 524749 650072 476970 415043 88133 222211 152527 686866 56723 712839 573691 289340 609286 940075 430666 423930 297118 982810 67154 697446 630005 933119 583891 247464 887242 966208 416628 810355 482708 606778 595602 981799 94972 460110 313552 478121 793955 25977 485573
40
747595 101922 310597 172212 307962 463422 578578 423350 240193 790673 598993 247060 708479 574704 602896 868914 412849 95367 866767 902410 863086 640786 887887 840028 613736 9723 386924 839090 571691 657644 816048 109121 676585 154858 582463 842527 202121 422834 33676 209560
91
970234 370288 257946 774193 667160 634855 673961 810978 829921 996994 795695 666875 712013 244462 752053 122328 176096 898310 836761 451823 578953 903677 698187 741029 291937 855741 77476 506141 39325 492333 676888 140794 482279 412349 61218 259101 399218 237750 358509 214252 354374 312357 866967 888778 664721 544450 161280 550073 254007 198223 195447 737230 848965 622178 791992 519675 850805 578997 869714 864859 271889 771880 604383 793292 433996 549625 594156 408294 394140 614481 805354 10955 619699 562536 38407 951007 115723 47358 675857 726970 625680 114867 625628 333002 167502 494791 636460 749888 760054 454056 238249
47
442261 288287 271887 92192 338398 54437 19407 1438 317426 594632 970296 790886 158199 623072 139282 768921 311578 534146 551360 915001 302357 18778 344965 185898 130327 470830 778428 189403 72352 946408 552183 483205 558358 653611 820966 382082 24370 34388 669533 924889 947712 652024 604075 544116 402496 75180 317652
16
208119 711660 167494 431409 195352 921828 232312 945953 356195 857647 321117 104108 426593 94231 604276 288858
46
471921 520409 811024 907339 479425 442125 530503 919313 303952 18577 349286 668794 878329 377615 828685 801727 635303 781300 460031 445355 521669 945024 400711 925828 19274 347833 849531 917405 498413 15344 160255 50334 232478 281998 352478 196904 197897 933786 319417 451473 902071 265234 814748 670511 616191 158998
24
597788 524853 205892 992129 433852 317597 481651 650403 390753 41298 46202 518794 80176 835475 702721 521984 238556 147839 366620 522070 607578 891479 935891 145195
91
573807 274839 282679 528695 782143 377578 417126 25204 811073 537415 497540 332088 347681 299359 935413 420980 665490 882089 242812 715788 913749 133498 721095 179515 260725 379601 965049 235027 566974 309596 843383 415686 915961 345371 575631 116130 134001 125237 52479 811418 313415 487891 759388 732019 812996 935791 870896 25508 764082 23576 172452 431345 548863 241017 492010 114014 545162 292237 941490 889659 198359 320346 936362 666066 269518 943621 375910 35775 667965 432710 210617 423577 272063 793189 276223 907946 714208 833136 595861 118451 116253 732294 69041 933154 897226 154656 362513 150906 657975 486909 19741
46
250334 750088 249123 552961 523900 878195 47179 455110 938195 249898 250190 112118 441749 767923 315971 790057 213379 75637 489956 831861 987706 353985 593455 102549 476388 325951 790831 363167 974604 720627 344370 737100 449971 433702 617858 224342 795575 178909 38950 361866 288990 199824 815785 294073 681144 948086
65
564923 615375 516291 357857 992973 668226 97288 984002 464316 196919 801710 370647 6714 756062 195109 888361 33677 50653 19960 58711 642412 179663 62442 41799 880108 255756 2070 727137 972453 564960 928548 148647 520786 488745 750414 715468 248672 611202 837612 992011 240816 878933 927885 251104 197806 598141 781685 611558 268877 462898 947801 683428 460929 431165 519470 636355 971580 499502 391369 438298 983028 1233 19499 449204 174895
86
386186 630387 523268 764610 214138 758134 808187 393894 525835 402667 873550 375347 44938 267711 439369 27466 224361 799906 824551 715208 392082 324832 223335 601968 678009 466252 98971 810596 635659 187482 314277 309806 892479 28532 299821 742290 68675 234484 648698 725913 981481 182461 712229 289335 428225 997222 284697 517894 603055 511984 552669 522760 336986 88469 716146 724402 262078 5562 355823 981883 551408 364088 774857 260269 56191 207824 68865 487568 986490 677487 747496 549626 918863 510983 784241 453909 531506 154312 673006 637882 428038 967099 581898 118736 803242 608723
45
413464 86450 58012 822574 397136 762678 159256 192348 509573 477330 578243 899041 241149 269684 340060 88762 739252 884802 153815 839353 179966 705351 95725 987944 257921 370047 197250 346626 96209 524824 352491 430354 738320 861201 542027 903646 595342 148030 584429 913661 162546 432654 368514 373314 118914
27
222575 855615 27912 659891 334321 422674 348982 196927 247102 243642 234918 692755 539907 831188 36210 768120 977692 198120 915987 128093 184503 586653 982546 697995 236920 633801 23621
21
812800 151224 295231 872635 673745 884008 897559 126887 531606 814862 694391 888602 515401 476706 406792 900568 349620 315161 460779 334070 932880
43
985785 568302 346722 868237 49379 194030 628365 576237 40986 479302 4398 252917 580807 525084 994148 16956 735128 71138 552734 67316 98190 400509 201657 81439 625590 719233 979693 28605 349151 69771 326436 358573 738289 340058 5967 326570 429127 410936 520064 471484 178818 546112 626042
76
335322 205847 310 158424 880155 901107 602945 578074 509364 100713 879205 791488 707715 556333 480984 629048 540717 194691 93800 447743 252290 80185 506257 590515 582224 120314 517541 66812 941193 754828 265667 747641 889154 986304 670914 841560 124635 930931 873092 746863 258477 620735 340922 641313 159588 329582 906687 622838 884926 994548 290786 129571 582836 130236 105455 516247 526670 29437 268791 629930 833931 3061 783218 919289 894677 898413 997088 892821 739731 270989 338878 286525 31510 833331 72565 210709
25
90750 739083 94313 842929 612764 273809 124776 929720 875396 438285 342209 425091 347730 655165 359133 39455 613193 348624 432079 417393 641838 957836 286413 66938 587980
17
295429 926470 893424 257437 336836 491559 692887 479058 839568 72296 548370 573541 3335 391003 486644 558052 522488
38
675372 26428 899071 93691 600173 296671 65952 344968 290982 712266 998676 458366 134885 127439 493804 645396 743494 452948 753575 58294 654378 641861 697155 789157 11400 79935 602049 837518 365690 615901 81433 794777 658074 81403 811316 31281 596720 486552
49
810071 161344 711073 51622 842959 821275 910527 934537 656998 347855 724396 642281 547203 512405 554964 54731 845542 184174 590899 981053 57757 915876 612426 750791 693139 396894 864460 711583 679333 163462 643818 125019 905795 11232 578421 911129 86327 843312 925460 225090 605683 763498 580400 302901 17232 194952 386798 888919 637472
68
736709 84111 855948 381529 866118 550840 347309 369802 80280 487774 161982 78173 855643 389835 433156 908119 183703 54672 938190 834278 521333 633765 878791 505057 297835 301634 419922 929771 677514 741192 790597 302584 805392 129224 322432 368019 258193 825948 331565 677233 481487 209364 537730 469157 471589 492789 651445 364501 104632 215022 106497 521187 42476 151130 70871 963243 633630 242326 665648 150544 935923 264787 70341 196814 65292 109908 356557 12804
59
451408 502094 39009 463830 574585 982419 965764 383485 243731 31397 567692 42680 554279 300686 419514 407629 789124 539195 553037 662866 626251 261718 992016 824020 638632 750925 203615 328938 746751 125653 195728 478277 91973 604311 59705 554118 638597 993046 931749 843876 481722 226764 799286 714549 212478 802335 459414 33159 676945 87885 863120 410176 801430 401768 318940 318532 930735 652021 172246
22
968938 940874 691315 781300 461821 909186 913240 333659 904306 194660 279821 458478 301142 994644 162393 374697 453097 544779 466833 242603 44974 330381
59
490433 269119 375099 870043 536287 254782 21214 805118 958563 899091 732148 428271 89729 534622 173800 368338 514453 614789 599303 557602 242739 636919 444116 561331 120106 53071 52722 89127 752733 86446 544579 761123 758659 980947 255924 452135 360770 435968 574483 904794 685207 764145 421053 417176 978747 703718 106919 16026 694406 70207 386954 405749 636935 515153 690383 53454 505625 21614 696123
83
961558 64774 61719 799131 434075 518936 98563 298886 965312 746594 201347 561667 219179 994505 556767 160700 988449 344540 617755 142566 941176 6642 730969 313026 902564 380907 337100 680740 538812 239226 265684 343067 951341 645426 378248 612822 993229 464766 594560 172558 611125 626405 113127 644425 117401 496617 175847 417034 114787 813938 535492 837539 534609 963282 142373 22982 460355 282361 727296 746863 318020 830867 618750 9157 610690 146528 122496 75173 48235 934887 472973 760146 133370 305004 416402 275124 176599 750283 425923 677666 408787 835204 106583
84
394010 868053 246079 921736 594260 303687 34388 509908 603372 931501 45125 984081 880023 367131 171337 820956 316050 521635 676472 19228 106146 192721 963277 754964 417042 515931 131191 191806 929581 424781 397676 930419 498655 165197 958163 963977 178785 89864 330870 677540 662286 824343 850278 997108 107339 318488 764731 815328 964079 607979 928786 348742 114659 256148 697429 8637 719643 199088 167235 399680 400190 515658 155442 406166 299696 945919 430921 796191 300747 165811 251631 688975 443396 449246 938621 597867 387611 489558 800306 630136 873059 992210 346344 761220
60
455251 928598 445006 158398 443272 995917 158515 476389 799049 189006 627597 478979 586687 472000 20128 947134 496777 724906 888443 66058 465921 188103 156637 51046 565374 906729 841645 982537 748351 333789 421365 612441 300215 967812 68023 151323 218424 840816 448986 396930 938962 139616 549737 374490 627341 943291 548923 540428 274951 535119 257566 874079 658774 833892 211209 672745 634082 446350 941903 444597
70
855375 119920 579605 4279 90879 873501 797926 247954 160587 755521 16415 23718 215282 186110 152186 993123 886541 815110 540600 427982 556277 198360 892881 781512 763690 79372 469238 391719 363418 629544 601469 188405 139023 546963 992612 627441 151023 542640 137346 93775 652198 383603 531456 881737 836412 192858 995511 448018 720004 35707 986026 829082 253103 82818 373251 682306 729556 565318 964135 295251 207893 404248 414362 663913 52968 728366 727086 800791 863185 869220
76
557492 900099 427215 818766 287878 419661 170411 867632 968479 601413 859689 19211 294686 552078 107506 631515 795290 21470 936944 516738 535696 126600 123295 544507 903971 771094 209681 672205 792724 328227 112624 820805 69877 338151 624875 698744 323359 817596 360073 141678 945938 961036 725000 508368 38964 483163 143000 375575 257646 964901 425978 618980 565187 193958 508050 489212 141818 368677 726619 13701 975783 769112 81990 313872 320466 945242 691374 486136 10857 545513 21625 575644 58034 79530 63679 874799
88
881748 183994 953887 572893 670636 628948 164936 391910 736797 203033 798472 554519 777443 59364 559069 514367 656159 787389 879801 218451 182442 695827 722167 460109 570328 455198 738344 84023 318259 781238 267620 98274 809144 569408 347898 832531 737215 852337 196517 462895 510905 340959 135369 872769 438891 530574 638498 546652 639426 133008 15286 174967 561487 40202 658435 778034 919587 587867 256224 400927 462393 175830 271540 646901 416036 150912 761589 801730 35908 371687 59110 451944 997979 455352 503614 615490 475168 908520 245284 379853 236725 66431 583211 771092 159505 777676 262157 339087
62
274030 61799 865103 225480 38934 39061 860535 903318 536814 511726 452898 726846 545901 739479 58976 359421 401136 252112 578635 973371 520499 287366 568694 500254 638677 689414 168767 913031 210348 450947 104025 993192 463062 370387 686066 79341 638851 436776 569063 123791 972767 824878 571172 477521 609162 760139 720223 722188 871608 260674 898466 89084 359721 617900 352407 16121 524456 201403 956555 545326 445412 950533
14
765798 656503 193379 822416 524844 245917 666049 731100 421935 717669 329062 297022 250001 313223
42
895118 424842 571820 148027 39228 206660 676143 523037 330464 313811 707167 282686 890187 504237 479042 756422 824655 306044 334944 97648 534283 798524 67036 258376 320855 407688 253810 388050 569313 807454 748300 409264 865745 195124 405371 420976 264325 48624 661279 327903 982683 341078
29
870828 664032 268332 723730 866161 191336 995712 968406 932324 473681 82356 844322 172374 814846 233970 336244 630057 208185 121184 196382 795912 82899 760437 521946 141094 473267 49251 924234 392680
77
288070 354423 461173 922707 947808 465474 605858 446848 949946 16034 510813 769183 256938 108723 970367 509358 416071 399735 819531 98669 789625 810011 867514 258911 4225 55867 356422 817708 757946 651267 279433 481993 936002 121186 665587 199466 597595 653611 424080 464197 449025 395619 39153 506243 71972 37231 344353 165716 273041 964965 158482 39541 716143 606936 726398 589892 518452 585708 661379 9114 207463 431341 443367 546265 501313 415545 166712 943392 217958 533101 957323 545298 529287 337742 763514 741198 83056
31
537927 624182 456569 618744 658304 429684 434965 714314 48542 971484 452428 653459 980253 766312 926233 282523 36591 883220 303241 611662 372905 603052 741905 288512 372839 76168 101122 699642 93816 826174 238197
78
972136 323604 345599 3305 786097 603181 411603 993655 872400 73213 729497 534548 640654 609209 10790 18580 336143 6482 198099 877093 743584 484137 94282 581231 539812 631000 631967 70428 85477 774848 151100 925663 982818 298278 599586 334191 310851 810523 717963 636949 251303 286211 161710 639067 851606 387304 963560 433044 598069 841464 174824 736861 773626 160152 576725 506118 300315 779242 354269 724991 644212 503065 939759 135270 142149 423749 331438 869818 497103 148883 773126 116948 557678 599803 121731 640695 847328 915006
83
704215 262069 31095 461165 693606 146933 106748 252396 241302 401528 876974 754786 784186 591025 656276 194225 831377 527220 358387 867418 599100 709550 663681 335952 606947 924390 70505 486607 925919 920176 799927 509593 673974 433789 482420 698291 451393 588533 835132 717265 74663 579996 252889 32790 687042 334780 109212 396874 855253 708550 589523 67467 119865 127213 1543 899769 599428 856002 917912 335328 807818 463200 342943 81979 659927 509825 634472 665811 157856 526743 295722 572028 335041 169916 446464 928696 53217 624424 859211 634885 209974 132997 162140
96
36117 662656 560696 450572 162979 726081 31246 947763 887670 946535 134839 833297 409408 288623 190700 515520 188519 647841 387228 134276 484630 641776 325020 902202 533633 827012 289795 440975 100563 565972 747062 759261 353525 268811 830845 230754 69783 982201 672006 812411 825677 489870 704354 487093 678066 641164 136385 742634 637674 252923 512976 231664 436792 830022 625195 542339 69474 820511 65729 455776 150631 410539 756900 972008 24434 389556 188673 99655 16898 273828 638888 738417 457868 214847 697411 411313 856702 231390 628800 244756 954882 126607 137409 593783 454217 486615 810477 287568 236532 844338 173269 987871 152565 477958 540979 106275
53
345593 589275 91571 930670 665838 973058 108211 393015 654110 726738 912236 142050 661893 513490 493214 748555 184447 533535 828127 956823 156459 931207 331195 604228 674950 25132 639247 847932 597537 495979 467405 579511 722900 358789 720676 303531 796730 164316 931210 423112 175847 194703 257023 801912 364219 982760 727029 312140 194190 176935 66205 260463 362355
30
965094 812128 222120 681568 260563 610594 253766 918260 410626 286634 791534 799366 906994 626713 629791 648202 294574 983101 951625 150219 849466 992163 439626 758433 795259 890483 819019 5888 495527 164891
39
710603 113052 509255 495728 804486 751043 387844 178443 138892 921851 80186 414942 184102 153634 176916 909626 130739 734726 649826 224943 540489 187770 720753 273639 901101 140231 110209 671478 742862 12092 367616 287109 246693 619872 929645 601419 481087 437666 109725
77
36989 272459 472841 119583 650548 340732 696496 626884 978340 137001 269034 374921 280976 268209 752682 439483 199046 697306 422016 470775 695449 35023 325497 346333 686384 275473 153815 8495 189291 547257 714150 411236 150955 558083 267369 905542 597243 826244 898935 138000 993440 187526 824177 932719 981373 166827 52152 243104 482428 217550 79247 884877 394095 798536 707016 537383 512381 612073 307083 907486 285731 475816 871477 656815 269614 729023 157605 485848 895512 970280 926898 206207 645957 248680 170164 2626 729108
50
907225 190473 586041 4999 992729 186073 680874 426578 643809 352798 244026 155713 341168 483792 192471 489680 41639 486031 460221 824585 45779 822131 980899 382664 841968 563174 192526 318954 597343 454417 501508 140443 482678 742762 201717 538651 854035 659477 440823 160627 318008 385798 120382 905077 316560 696359 770138 160080 303696 262129
48
509278 595372 120763 220833 836518 87266 283705 830949 87426 296208 284451 768890 553683 990705 128373 930202 402417 878544 272469 637753 993264 599686 295452 583764 514708 809139 909253 878670 760389 908193 816278 401876 858613 28408 610570 502573 232873 264775 536993 333403 786386 885523 62947 949012 126228 707469 39532 584574
85
498086 967795 62052 316861 538287 971547 806991 434437 58926 316128 914716 433439 713870 614523 838527 655595 285506 783770 986935 197294 890385 816883 17443 797492 361767 815086 749897 500503 162877 304163 710563 860932 25876 243298 380800 330437 81953 899111 581259 17546 382180 615278 985735 269228 334716 261809 116099 884800 937546 717039 190134 508165 734690 461064 369162 74183 761572 611674 383927 61685 743219 462493 176652 613669 69426 345935 982475 739103 821694 956576 514956 140091 197507 760812 727027 483269 502535 257767 970371 436922 854319 516066 77771 418489 184612
74
810118 985717 478631 165324 868722 740095 925653 382453 991029 218502 672353 474152 361124 683335 736776 706734 895239 296760 871471 632263 194632 281831 891730 53409 775105 375800 555348 433250 653691 394737 297056 190436 962170 209541 221766 351599 97442 106240 255707 11914 122675 925594 772868 901238 134461 424505 220366 996813 15219 225951 802133 793544 378805 139269 658962 284524 977558 47171 882550 703492 3770 36335 776106 569240 36669 595970 673710 659754 116354 491449 162149 4558 703547 845188
72
628813 634705 970451 373748 928917 363320 259571 526366 830640 278161 894830 243192 296471 828995 837255 545920 701822 580921 645371 471836 72562 433018 742929 312969 373161 910837 350900 191720 222847 417474 727045 726828 496805 938846 108785 113702 47575 346309 853036 300723 517523 823861 796651 999672 797239 664271 82420 10594 605407 57721 67454 73747 8080 544061 793921 707753 481111 964344 947456 43728 133377 188706 993745 2335 799759 555909 153900 536300 125483 161976 977497 69798
87
680922 917643 127002 75209 288053 268010 593688 167142 365132 462280 935411 498650 395352 367384 712284 285678 173644 997972 610277 961384 718447 688499 103920 640755 568562 84828 999287 29953 962690 831827 974173 872076 676170 130470 747476 309722 594386 43046 339568 502937 703003 251263 820836 837670 583289 570857 514876 672566 757925 525434 135111 184337 542374 830941 414613 852621 733275 374459 52885 862793 89150 263220 679260 519578 438604 348492 749178 136541 808689 569753 83725 113141 345144 569202 114504 695387 955325 875063 220117 415028 776794 451863 773275 629710 819966 2727 68384
34
383353 371158 616152 510074 530142 891884 942223 176462 269932 467535 868539 779292 994137 254363 607731 273071 258783 326704 310950 513395 440994 789564 975316 667033 299483 545140 719465 818773 239322 261545 751340 490726 769856 649208
14
930724 597630 858165 521646 967142 912535 246395 545111 700749 743371 56901 406252 274478 973883
83
21462 760446 911962 656512 38901 619586 471079 102383 441770 11777 602419 174496 367597 855622 399269 138571 491001 855788 773761 503923 709628 665940 295614 208639 171062 168499 843 468322 652234 603206 545177 872916 84034 978496 518472 585904 208127 404869 479834 669914 62694 25894 343240 826495 147673 420911 372213 881602 794304 109232 946600 73493 833063 341578 873901 481590 464275 180248 980025 319175 634140 698318 395900 455007 167884 87628 615012 402700 1294 484690 591294 502941 457156 216578 120968 290565 285046 668131 582028 581582 218573 611528 771890
34
336895 87623 901530 966119 856303 80002 849462 117271 735097 146366 212311 601156 59122 646872 163170 783796 599141 185879 679729 165403 25479 38252 947382 559945 397002 157538 360702 800494 991907 969906 935445 571515 370650 979490
72
209891 22690 668029 444301 108269 185394 328854 213164 543137 276996 449163 790626 911492 310373 346683 200071 358860 665933 511774 73017 803059 567322 968941 507490 830273 321809 933169 447031 277580 689148 679624 547588 352974 548473 943399 95949 17788 802643 246024 622037 804909 876168 415280 99090 543245 657859 231735 699603 80119 251856 238595 870478 871199 219907 91662 507874 2156 998985 464622 944293 976552 408065 422592 564633 204266 573412 194571 167648 350532 985633 292072 745516
98
490866 181353 140050 729477 381143 931549 228787 781403 506144 63206 44093 713636 391570 146163 526714 609109 636185 257783 327617 248647 302391 116139 125040 424520 671813 964348 496690 721084 641265 207097 555399 936172 580188 686313 717384 194661 442648 733045 864695 484599 943547 892505 567411 258587 799743 764362 864532 367040 630726 828064 207819 141580 111718 547641 203019 36236 104303 156239 260909 584225 612687 994351 138335 715155 153329 313625 837173 354483 160641 9870 583050 314435 61290 733722 699176 374411 407677 225364 998876 875830 50356 879364 760239 62397 940574 782660 305775 750451 306685 214625 367771 940249 186853 641233 750894 963742 906128 722177
59
869335 518233 181375 457318 770383 895599 286376 791225 694712 793877 652686 451909 498763 914854 988885 960625 629729 814422 774578 528092 729464 318174 96223 585931 766726 432346 231189 31633 757603 360813 335934 261857 657125 662803 317615 398188 131148 682567 996494 727096 756079 656232 524455 970942 358439 872287 923294 767634 399023 927667 371046 614773 946988 297997 638590 60480 889429 55084 782936
97
614431 754714 285057 656323 102914 742659 394640 79771 808207 565350 892998 472220 16269 999597 368953 344733 187812 67533 687206 952023 481639 692783 624078 594639 342884 833153 857457 952506 482971 801938 211777 898386 678712 146747 334229 870592 277376 798539 802324 397842 176646 833519 739174 278518 608884 430700 196525 450568 718233 204922 568030 734806 959397 574333 134633 801360 231954 338239 56777 165319 348371 194712 983723 572740 649575 965069 708613 687405 482097 554421 284270 915742 155338 42474 484724 524257 466198 182191 214301 792865 716009 739583 893234 135767 458264 368208 149575 207766 730376 591265 557706 599936 631835 790038 623870 627494 475577
66
121756 357020 751628 38072 92817 852230 255572 76037 215807 700483 862551 901205 886383 47960 223985 284967 573793 258314 27040 828152 506488 543780 121364 162787 802620 340861 328322 955558 308070 780595 964016 806946 394480 474430 104433 691049 768785 44651 224235 568952 113705 639625 929531 889105 474724 901727 766450 655146 68785 419124 7012 29547 191948 522455 286897 28229 124934 305427 541241 249795 76992 389509 655120 648621 245065 270472
39
33908 845034 453138 922033 45032 399666 617693 680005 98304 902070 336830 901567 71769 572050 311707 971553 121085 675605 103039 876577 939886 617756 691442 687378 387994 187375 360638 222276 602616 540356 612547 961738 609008 508547 686298 536967 143875 358694 398261
80
8816 906760 804177 127201 272460 576669 519775 850884 979637 271658 409299 726530 10565 983486 3137 501949 335347 630272 390079 240223 751797 99678 125128 164528 1864 158808 19800 800547 657682 640550 37735 57712 581910 591145 84622 838159 113760 393076 366231 766361 127535 852067 516989 104771 383166 343755 789466 797292 411532 864425 428958 499170 881512 139945 557773 523686 577896 451646 724191 909792 540788 626595 741204 908240 426515 796906 884305 806282 103956 657053 370116 89840 719552 8144 365813 65409 93979 208437 349372 260528
78
479673 466378 909441 407536 259605 806955 544929 180341 754560 601972 120931 127646 360889 231535 396778 663416 670141 695245 317671 674583 99098 814628 743259 718772 220419 155349 329520 657674 393904 225913 949804 10802 539975 132480 633459 275005 743316 912424 492579 858457 243322 262174 876786 474780 430923 571396 918917 992955 467906 226761 331229 289039 178815 62146 129085 418542 91964 860139 833847 654130 646229 718413 849212 223728 238663 166327 552578 741197 347723 430152 745474 931327 541661 306315 17679 429151 31876 864802
87
223824 403856 48701 6600 178618 293353 66210 646761 417896 260790 609376 833971 547123 465895 24615 485658 514442 557921 612430 509245 547175 123922 410266 274009 703541 761345 338854 552417 228039 634107 401810 941050 39243 403947 633377 783849 198219 194309 440895 106020 25691 716810 72915 646779 836057 540636 355338 319200 788925 649455 308071 956321 512176 988461 813468 961076 322535 948624 856669 630320 283679 732669 461117 542628 975612 297016 777982 292123 586080 309358 299358 11867 829918 172540 379925 33752 907457 535235 238259 829188 996176 706787 713820 601441 27489 29026 326491
50
82636 269208 217745 250884 279490 85124 477994 770499 247645 494620 105754 830199 847476 227148 77775 415058 759179 151486 298996 657047 293633 951122 29741 830711 870463 916787 586547 214712 695796 839928 690448 854454 680361 548700 850437 825869 670895 532602 667477 189295 561107 357213 8449 963901 546868 30689 382918 994228 632098 958072
52
918211 699312 277299 704029 624085 968238 407647 722338 492613 41126 789583 825657 477333 235520 205525 162792 120838 579085 505570 890195 257562 402491 682940 198368 156262 571265 649871 121165 764070 860634 499344 221808 170153 538921 262039 669058 990416 679615 687916 128841 101056 46468 937335 138916 941363 908752 9391 220633 739482 295811 918110 711178
98
180783 494399 538159 146937 793500 446617 149480 415491 502165 872042 190045 869997 513221 68952 609137 51976 715734 513487 742486 552651 967646 668512 95363 564667 281106 681421 843025 676397 748698 318285 574923 249235 57590 669435 651735 205367 431583 817028 899990 178834 286406 245518 930049 880856 616871 971973 482971 648695 117926 322152 67601 245756 403110 287810 829199 697084 701754 418562 718948 55736 314281 783270 422237 831006 553315 966844 703269 7579 636761 21415 757691 891265 865010 688953 819788 706023 602643 706500 531411 912220 446286 259446 189139 668264 721700 554787 984830 351404 446112 400842 582109 418108 611445 149930 642196 547614 4779 624520
52
552627 491364 37524 128186 911452 889767 639274 822158 503414 775012 632828 598663 314036 685334 71631 520965 849486 1633 175214 769037 273134 772332 529179 450039 552056 568963 578688 918203 140552 414249 336119 734195 226850 763038 127435 551315 659147 9631 587841 195515 571247 333359 417698 462287 650511 576245 642974 908717 415168 723659 9189 774541
16
340595 448709 838244 233913 167826 162943 767055 181987 839080 364781 984706 170961 614745 565994 722544 334481
83
162365 875468 406885 839688 980539 111988 213252 114215 516418 852787 534787 961045 458471 492548 437864 957922 379819 419787 768175 59736 59306 808215 749350 596029 873980 264156 623305 125349 706396 848217 477875 175993 505351 94035 712515 540038 179512 571830 548988 392099 222 597298 635076 467723 603355 325317 286222 986400 978279 24276 853532 396074 108206 480068 71657 77140 624165 989808 265347 707404 600099 96291 682676 484928 40534 278631 470207 843980 86964 256696 821326 538596 964521 525607 485591 561167 115046 34781 574975 142315 223807 720360 69965
44
964939 378083 853018 929666 542783 116125 413476 156287 223218 303638 740639 768570 689930 534905 942260 20740 477186 424468 326926 693638 530124 6404 682579 924876 602337 626382 569894 903254 634650 446500 220058 196400 832288 348721 45619 133374 573050 750615 900299 868586 607966 939143 12257 556399
74
751664 288605 185885 988483 436105 61199 825591 535852 246769 195303 514468 519618 807520 611273 301889 812333 583176 378092 416612 759793 66811 661494 718285 850619 151367 897647 938580 676090 741569 744752 290637 957266 560701 616070 257127 396011 985771 226629 431052 327762 402407 191161 955674 492427 185392 30140 80779 865363 916929 354695 325287 243282 470975 350002 232434 276933 504030 933404 27925 9917 782036 723519 970452 611902 672663 320450 120336 114411 139344 923292 869975 784622 61304 367245
56
846870 602929 362210 484629 843581 694803 258365 246081 917241 384480 561406 700437 700332 941174 309482 303534 726710 35984 339104 193693 303136 270909 960544 250467 490871 557599 941542 671276 348047 701051 584151 624352 194545 547130 655039 620621 10340 424824 815638 602894 46570 367947 40476 105387 91023 178511 642862 556543 11745 678833 325842 904707 794545 67071 30387 541723
29
648078 92187 47107 431507 91083 206962 740203 718823 639181 44742 479303 666985 323161 284414 321700 64934 885969 950699 357232 268875 292129 162626 921947 754602 800771 28004 465801 326994 930722
46
332574 790449 578002 528128 22275 263756 520214 114167 926283 177861 524382 30697 38315 361952 874817 512401 863929 230157 676721 228903 465126 725924 910673 658679 755179 297727 782849 260166 71907 393240 351731 2015 452799 806111 856149 66679 747115 199599 142951 514645 528740 78619 929681 688288 481521 778004
96
99522 690700 777216 952259 285285 925636 894063 797104 198252 955389 974452 522991 113572 87654 473705 751199 665430 724819 117250 269861 668595 430463 805749 763957 501758 399481 595349 292283 86406 660673 134378 796400 565918 657848 226511 423658 546425 62871 689443 346834 163205 766392 461502 83696 756744 819548 276059 210938 649006 46698 551083 216132 104687 396095 992951 194844 547146 391273 94308 146259 665238 187621 217227 791938 545637 480131 223338 784207 162737 490629 870212 867770 542051 995105 296713 518354 645266 126732 381721 98575 714275 149725 803738 706610 103316 383336 965126 736343 64198 431693 407063 496179 711895 303982 266948 984024
72
598726 366501 593792 906763 15484 776855 979400 591380 298829 621013 890416 834258 802457 453387 70295 407755 951949 773171 695125 879473 446924 345058 478268 584577 560572 879014 223744 897526 288886 790047 471381 554888 776082 683213 318912 656376 733473 174988 537968 229194 384249 646516 216093 622385 738818 651783 911269 651858 939238 655949 403196 466629 746802 557144 615717 865679 236798 782699 820852 70910 470051 4800 848784 141299 991742 505940 565581 749246 887611 329281 623105 610558
71
681195 346998 378989 539650 652122 697870 911858 562897 695884 918867 533946 308186 543907 777234 314114 522154 197956 682368 827051 184904 204556 363264 773416 843314 308532 13464 263725 500832 608034 726623 796694 567620 532474 153457 967976 838240 816844 45723 838401 743319 740546 76689 94660 880896 460451 872197 79332 948609 582059 368091 586625 942650 991027 681293 840687 346262 351065 883044 194388 284256 377463 64817 644709 586795 450103 965423 828586 943946 807805 892263 317376
86
704420 519861 813224 145800 631553 146981 306093 71325 290566 579732 37490 407782 396761 274235 686609 898208 378464 229416 758714 568162 19805 718497 558004 322075 526207 673978 603096 513119 301545 486603 390032 329487 555827 585316 749852 756454 991466 208579 366632 308379 665616 589375 54114 316085 712025 621417 848518 682964 66019 214563 683746 947040 26287 258716 742373 102937 877116 358679 503410 657940 219044 792059 708823 678741 552510 95182 166163 956036 790326 375036 200581 28505 826539 499725 603316 792758 545113 965825 787464 954210 879253 490042 445822 88099 677407 214439
39
216749 19233 920754 578627 21848 538685 850596 68524 596728 414845 11640 957767 440058 37371 47269 649688 10978 188916 848831 343316 922190 884628 199003 327262 843836 871307 773774 913018 39392 813097 948938 576985 184209 346461 966109 635947 437202 999988 752615
14
22664 2106 439085 407549 872454 799007 464934 824839 176094 451904 338352 546839 991321 596469
23
246082 219997 920339 325400 86579 300228 623478 125545 550183 219502 257344 348300 493538 249290 837373 404131 388239 25772 305658 328124 582575 751156 572931
